[shock_ShSp_1]
maxY=16.468319115403
minY=1.848907128672
[shock_src_1]
maxY=10.000000000000
minY=0
