# MIC-185 192.168.9.155:4000; packets=1094
# idx  relative    delta direction flags      seq        ack        payload wire
     1      0.000    0.000 PC->DEV SYN         533001894          0       0    66
     2      1.935    1.935 DEV->PC ACK|SYN    4169042432  533001895       0    64
     3      1.981    0.046 PC->DEV ACK         533001895 4169042433       0    54
     4      3.322    1.341 PC->DEV ACK|PSH     533001895 4169042433      32    86
     5      3.613    0.291 DEV->PC ACK        4169042433  533001927       0    64
     6     33.836   30.223 DEV->PC ACK|PSH    4169042433  533001927      40    94
     7     45.318   11.482 PC->DEV ACK|PSH     533001927 4169042473      32    86
     8     45.784    0.466 DEV->PC ACK        4169042473  533001959       0    64
     9     47.570    1.786 DEV->PC ACK|PSH    4169042473  533001959      52   106
    10     90.665   43.095 PC->DEV ACK         533001959 4169042525       0    54
    11     95.038    4.373 PC->DEV ACK|PSH     533001959 4169042525      40    94
    12     95.246    0.208 DEV->PC ACK        4169042525  533001999       0    64
    13     96.502    1.256 DEV->PC ACK|PSH    4169042525  533001999     100   154
    14    119.905   23.403 PC->DEV ACK|PSH     533001999 4169042625      32    86
    15    120.183    0.278 DEV->PC ACK        4169042625  533002031       0    64
    16    121.340    1.157 DEV->PC ACK|PSH    4169042625  533002031      40    94
    17    123.574    2.234 PC->DEV ACK|PSH     533002031 4169042665      32    86
    18    123.838    0.264 DEV->PC ACK        4169042665  533002063       0    64
    19    125.015    1.177 DEV->PC ACK|PSH    4169042665  533002063      40    94
    20    125.216    0.201 PC->DEV ACK|PSH     533002063 4169042705      48   102
    21    125.474    0.258 DEV->PC ACK        4169042705  533002111       0    64
    22    126.711    1.237 DEV->PC ACK|PSH    4169042705  533002111     124   178
    23    126.785    0.074 PC->DEV ACK|PSH     533002111 4169042829      48   102
    24    127.017    0.232 DEV->PC ACK        4169042829  533002159       0    64
    25    128.213    1.196 DEV->PC ACK|PSH    4169042829  533002159     124   178
    26    128.285    0.072 PC->DEV ACK|PSH     533002159 4169042953      48   102
    27    128.464    0.179 DEV->PC ACK        4169042953  533002207       0    64
    28    129.688    1.224 DEV->PC ACK|PSH    4169042953  533002207     124   178
    29    129.758    0.070 PC->DEV ACK|PSH     533002207 4169043077      48   102
    30    129.910    0.152 DEV->PC ACK        4169043077  533002255       0    64
    31    131.084    1.174 DEV->PC ACK|PSH    4169043077  533002255     124   178
    32    131.161    0.077 PC->DEV ACK|PSH     533002255 4169043201      48   102
    33    131.373    0.212 DEV->PC ACK        4169043201  533002303       0    64
    34    132.546    1.173 DEV->PC ACK|PSH    4169043201  533002303     124   178
    35    132.612    0.066 PC->DEV ACK|PSH     533002303 4169043325      48   102
    36    132.779    0.167 DEV->PC ACK        4169043325  533002351       0    64
    37    133.924    1.145 DEV->PC ACK|PSH    4169043325  533002351     124   178
    38    133.996    0.072 PC->DEV ACK|PSH     533002351 4169043449      48   102
    39    134.156    0.160 DEV->PC ACK        4169043449  533002399       0    64
    40    135.386    1.230 DEV->PC ACK|PSH    4169043449  533002399     124   178
    41    135.458    0.072 PC->DEV ACK|PSH     533002399 4169043573      48   102
    42    135.637    0.179 DEV->PC ACK        4169043573  533002447       0    64
    43    136.960    1.323 DEV->PC ACK|PSH    4169043573  533002447     124   178
    44    137.107    0.147 PC->DEV ACK|PSH     533002447 4169043697      48   102
    45    137.258    0.151 DEV->PC ACK        4169043697  533002495       0    64
    46    138.652    1.394 DEV->PC ACK|PSH    4169043697  533002495     124   178
    47    138.805    0.153 PC->DEV ACK|PSH     533002495 4169043821      48   102
    48    139.033    0.228 DEV->PC ACK        4169043821  533002543       0    64
    49    140.123    1.090 DEV->PC ACK|PSH    4169043821  533002543     124   178
    50    140.294    0.171 PC->DEV ACK|PSH     533002543 4169043945      48   102
    51    140.507    0.213 DEV->PC ACK        4169043945  533002591       0    64
    52    141.812    1.305 DEV->PC ACK|PSH    4169043945  533002591     124   178
    53    141.935    0.123 PC->DEV ACK|PSH     533002591 4169044069      48   102
    54    142.105    0.170 DEV->PC ACK        4169044069  533002639       0    64
    55    143.332    1.227 DEV->PC ACK|PSH    4169044069  533002639     124   178
    56    144.529    1.197 PC->DEV ACK|PSH     533002639 4169044193      48   102
    57    144.849    0.320 DEV->PC ACK        4169044193  533002687       0    64
    58    146.003    1.154 DEV->PC ACK|PSH    4169044193  533002687     124   178
    59    146.094    0.091 PC->DEV ACK|PSH     533002687 4169044317      48   102
    60    146.280    0.186 DEV->PC ACK        4169044317  533002735       0    64
    61    147.497    1.217 DEV->PC ACK|PSH    4169044317  533002735     124   178
    62    147.701    0.204 PC->DEV ACK|PSH     533002735 4169044441      48   102
    63    147.919    0.218 DEV->PC ACK        4169044441  533002783       0    64
    64    149.114    1.195 DEV->PC ACK|PSH    4169044441  533002783     124   178
    65    149.305    0.191 PC->DEV ACK|PSH     533002783 4169044565      48   102
    66    149.467    0.162 DEV->PC ACK        4169044565  533002831       0    64
    67    150.662    1.195 DEV->PC ACK|PSH    4169044565  533002831     124   178
    68    150.744    0.082 PC->DEV ACK|PSH     533002831 4169044689      48   102
    69    150.905    0.161 DEV->PC ACK        4169044689  533002879       0    64
    70    152.081    1.176 DEV->PC ACK|PSH    4169044689  533002879     124   178
    71    154.073    1.992 PC->DEV ACK|PSH     533002879 4169044813      48   102
    72    154.384    0.311 DEV->PC ACK        4169044813  533002927       0    64
    73    155.498    1.114 DEV->PC ACK|PSH    4169044813  533002927     124   178
    74    155.808    0.310 PC->DEV ACK|PSH     533002927 4169044937      48   102
    75    156.082    0.274 DEV->PC ACK        4169044937  533002975       0    64
    76    157.186    1.104 DEV->PC ACK|PSH    4169044937  533002975     124   178
    77    157.414    0.228 PC->DEV ACK|PSH     533002975 4169045061      48   102
    78    157.678    0.264 DEV->PC ACK        4169045061  533003023       0    64
    79    158.803    1.125 DEV->PC ACK|PSH    4169045061  533003023     124   178
    80    158.947    0.144 PC->DEV ACK|PSH     533003023 4169045185      48   102
    81    159.226    0.279 DEV->PC ACK        4169045185  533003071       0    64
    82    160.420    1.194 DEV->PC ACK|PSH    4169045185  533003071     124   178
    83    160.571    0.151 PC->DEV ACK|PSH     533003071 4169045309      48   102
    84    160.917    0.346 DEV->PC ACK        4169045309  533003119       0    64
    85    162.031    1.114 DEV->PC ACK|PSH    4169045309  533003119     124   178
    86    162.202    0.171 PC->DEV ACK|PSH     533003119 4169045433      48   102
    87    162.540    0.338 DEV->PC ACK        4169045433  533003167       0    64
    88    163.645    1.105 DEV->PC ACK|PSH    4169045433  533003167     124   178
    89    163.881    0.236 PC->DEV ACK|PSH     533003167 4169045557      48   102
    90    164.146    0.265 DEV->PC ACK        4169045557  533003215       0    64
    91    165.384    1.238 DEV->PC ACK|PSH    4169045557  533003215     124   178
    92    165.608    0.224 PC->DEV ACK|PSH     533003215 4169045681      48   102
    93    165.830    0.222 DEV->PC ACK        4169045681  533003263       0    64
    94    167.046    1.216 DEV->PC ACK|PSH    4169045681  533003263     124   178
    95    167.221    0.175 PC->DEV ACK|PSH     533003263 4169045805      48   102
    96    167.475    0.254 DEV->PC ACK        4169045805  533003311       0    64
    97    168.675    1.200 DEV->PC ACK|PSH    4169045805  533003311     124   178
    98    169.045    0.370 PC->DEV ACK|PSH     533003311 4169045929      48   102
    99    169.462    0.417 DEV->PC ACK        4169045929  533003359       0    64
   100    170.528    1.066 DEV->PC ACK|PSH    4169045929  533003359     124   178
   101    170.641    0.113 PC->DEV ACK|PSH     533003359 4169046053      48   102
   102    170.815    0.174 DEV->PC ACK        4169046053  533003407       0    64
   103    172.004    1.189 DEV->PC ACK|PSH    4169046053  533003407     124   178
   104    172.161    0.157 PC->DEV ACK|PSH     533003407 4169046177      48   102
   105    172.416    0.255 DEV->PC ACK        4169046177  533003455       0    64
   106    173.574    1.158 DEV->PC ACK|PSH    4169046177  533003455     124   178
   107    173.681    0.107 PC->DEV ACK|PSH     533003455 4169046301      48   102
   108    173.849    0.168 DEV->PC ACK        4169046301  533003503       0    64
   109    175.040    1.191 DEV->PC ACK|PSH    4169046301  533003503     124   178
   110    175.186    0.146 PC->DEV ACK|PSH     533003503 4169046425      48   102
   111    175.402    0.216 DEV->PC ACK        4169046425  533003551       0    64
   112    176.651    1.249 DEV->PC ACK|PSH    4169046425  533003551     124   178
   113    176.795    0.144 PC->DEV ACK|PSH     533003551 4169046549      48   102
   114    176.928    0.133 DEV->PC ACK        4169046549  533003599       0    64
   115    178.169    1.241 DEV->PC ACK|PSH    4169046549  533003599     124   178
   116    178.375    0.206 PC->DEV ACK|PSH     533003599 4169046673      48   102
   117    178.609    0.234 DEV->PC ACK        4169046673  533003647       0    64
   118    179.744    1.135 DEV->PC ACK|PSH    4169046673  533003647     124   178
   119    179.937    0.193 PC->DEV ACK|PSH     533003647 4169046797      48   102
   120    180.111    0.174 DEV->PC ACK        4169046797  533003695       0    64
   121    181.313    1.202 DEV->PC ACK|PSH    4169046797  533003695     124   178
   122    181.404    0.091 PC->DEV ACK|PSH     533003695 4169046921      48   102
   123    181.555    0.151 DEV->PC ACK        4169046921  533003743       0    64
   124    182.815    1.260 DEV->PC ACK|PSH    4169046921  533003743     124   178
   125    182.944    0.129 PC->DEV ACK|PSH     533003743 4169047045      48   102
   126    183.189    0.245 DEV->PC ACK        4169047045  533003791       0    64
   127    184.303    1.114 DEV->PC ACK|PSH    4169047045  533003791     124   178
   128    184.490    0.187 PC->DEV ACK|PSH     533003791 4169047169      48   102
   129    184.697    0.207 DEV->PC ACK        4169047169  533003839       0    64
   130    185.843    1.146 DEV->PC ACK|PSH    4169047169  533003839     124   178
   131    185.989    0.146 PC->DEV ACK|PSH     533003839 4169047293      48   102
   132    186.157    0.168 DEV->PC ACK        4169047293  533003887       0    64
   133    187.389    1.232 DEV->PC ACK|PSH    4169047293  533003887     124   178
   134    187.591    0.202 PC->DEV ACK|PSH     533003887 4169047417      48   102
   135    187.853    0.262 DEV->PC ACK        4169047417  533003935       0    64
   136    189.042    1.189 DEV->PC ACK|PSH    4169047417  533003935     124   178
   137    189.241    0.199 PC->DEV ACK|PSH     533003935 4169047541      48   102
   138    189.508    0.267 DEV->PC ACK        4169047541  533003983       0    64
   139    190.682    1.174 DEV->PC ACK|PSH    4169047541  533003983     124   178
   140    190.799    0.117 PC->DEV ACK|PSH     533003983 4169047665      48   102
   141    190.927    0.128 DEV->PC ACK        4169047665  533004031       0    64
   142    192.165    1.238 DEV->PC ACK|PSH    4169047665  533004031     124   178
   143    192.360    0.195 PC->DEV ACK|PSH     533004031 4169047789      48   102
   144    192.577    0.217 DEV->PC ACK        4169047789  533004079       0    64
   145    193.752    1.175 DEV->PC ACK|PSH    4169047789  533004079     124   178
   146    193.948    0.196 PC->DEV ACK|PSH     533004079 4169047913      48   102
   147    194.112    0.164 DEV->PC ACK        4169047913  533004127       0    64
   148    195.329    1.217 DEV->PC ACK|PSH    4169047913  533004127     124   178
   149    195.514    0.185 PC->DEV ACK|PSH     533004127 4169048037      48   102
   150    195.683    0.169 DEV->PC ACK        4169048037  533004175       0    64
   151    196.879    1.196 DEV->PC ACK|PSH    4169048037  533004175     124   178
   152    196.987    0.108 PC->DEV ACK|PSH     533004175 4169048161      48   102
   153    197.218    0.231 DEV->PC ACK        4169048161  533004223       0    64
   154    198.375    1.157 DEV->PC ACK|PSH    4169048161  533004223     124   178
   155    198.499    0.124 PC->DEV ACK|PSH     533004223 4169048285      48   102
   156    198.643    0.144 DEV->PC ACK        4169048285  533004271       0    64
   157    199.873    1.230 DEV->PC ACK|PSH    4169048285  533004271     124   178
   158    200.057    0.184 PC->DEV ACK|PSH     533004271 4169048409      48   102
   159    200.276    0.219 DEV->PC ACK        4169048409  533004319       0    64
   160    201.410    1.134 DEV->PC ACK|PSH    4169048409  533004319     124   178
   161    201.512    0.102 PC->DEV ACK|PSH     533004319 4169048533      48   102
   162    201.735    0.223 DEV->PC ACK        4169048533  533004367       0    64
   163    202.902    1.167 DEV->PC ACK|PSH    4169048533  533004367     124   178
   164    203.065    0.163 PC->DEV ACK|PSH     533004367 4169048657      48   102
   165    203.231    0.166 DEV->PC ACK        4169048657  533004415       0    64
   166    204.432    1.201 DEV->PC ACK|PSH    4169048657  533004415     124   178
   167    204.622    0.190 PC->DEV ACK|PSH     533004415 4169048781      48   102
   168    204.817    0.195 DEV->PC ACK        4169048781  533004463       0    64
   169    206.025    1.208 DEV->PC ACK|PSH    4169048781  533004463     124   178
   170    206.212    0.187 PC->DEV ACK|PSH     533004463 4169048905      48   102
   171    206.515    0.303 DEV->PC ACK        4169048905  533004511       0    64
   172    207.683    1.168 DEV->PC ACK|PSH    4169048905  533004511     124   178
   173    207.828    0.145 PC->DEV ACK|PSH     533004511 4169049029      48   102
   174    207.985    0.157 DEV->PC ACK        4169049029  533004559       0    64
   175    209.159    1.174 DEV->PC ACK|PSH    4169049029  533004559     124   178
   176    209.284    0.125 PC->DEV ACK|PSH     533004559 4169049153      48   102
   177    209.517    0.233 DEV->PC ACK        4169049153  533004607       0    64
   178    210.653    1.136 DEV->PC ACK|PSH    4169049153  533004607     124   178
   179    210.804    0.151 PC->DEV ACK|PSH     533004607 4169049277      48   102
   180    211.013    0.209 DEV->PC ACK        4169049277  533004655       0    64
   181    212.223    1.210 DEV->PC ACK|PSH    4169049277  533004655     124   178
   182    212.340    0.117 PC->DEV ACK|PSH     533004655 4169049401      48   102
   183    212.474    0.134 DEV->PC ACK        4169049401  533004703       0    64
   184    213.707    1.233 DEV->PC ACK|PSH    4169049401  533004703     124   178
   185    213.886    0.179 PC->DEV ACK|PSH     533004703 4169049525      48   102
   186    214.107    0.221 DEV->PC ACK        4169049525  533004751       0    64
   187    215.280    1.173 DEV->PC ACK|PSH    4169049525  533004751     124   178
   188    215.426    0.146 PC->DEV ACK|PSH     533004751 4169049649      48   102
   189    215.673    0.247 DEV->PC ACK        4169049649  533004799       0    64
   190    216.794    1.121 DEV->PC ACK|PSH    4169049649  533004799     124   178
   191    216.889    0.095 PC->DEV ACK|PSH     533004799 4169049773      48   102
   192    217.152    0.263 DEV->PC ACK        4169049773  533004847       0    64
   193    218.268    1.116 DEV->PC ACK|PSH    4169049773  533004847     124   178
   194    218.398    0.130 PC->DEV ACK|PSH     533004847 4169049897      48   102
   195    218.628    0.230 DEV->PC ACK        4169049897  533004895       0    64
   196    219.778    1.150 DEV->PC ACK|PSH    4169049897  533004895     124   178
   197    219.916    0.138 PC->DEV ACK|PSH     533004895 4169050021      48   102
   198    220.054    0.138 DEV->PC ACK        4169050021  533004943       0    64
   199    221.254    1.200 DEV->PC ACK|PSH    4169050021  533004943     124   178
   200    221.398    0.144 PC->DEV ACK|PSH     533004943 4169050145      48   102
   201    221.535    0.137 DEV->PC ACK        4169050145  533004991       0    64
   202    222.738    1.203 DEV->PC ACK|PSH    4169050145  533004991     124   178
   203    222.890    0.152 PC->DEV ACK|PSH     533004991 4169050269      48   102
   204    223.043    0.153 DEV->PC ACK        4169050269  533005039       0    64
   205    224.255    1.212 DEV->PC ACK|PSH    4169050269  533005039     124   178
   206    224.487    0.232 PC->DEV ACK|PSH     533005039 4169050393      48   102
   207    224.796    0.309 DEV->PC ACK        4169050393  533005087       0    64
   208    226.010    1.214 DEV->PC ACK|PSH    4169050393  533005087     124   178
   209    226.215    0.205 PC->DEV ACK|PSH     533005087 4169050517      48   102
   210    226.426    0.211 DEV->PC ACK        4169050517  533005135       0    64
   211    227.652    1.226 DEV->PC ACK|PSH    4169050517  533005135     124   178
   212    227.809    0.157 PC->DEV ACK|PSH     533005135 4169050641      40    94
   213    227.998    0.189 DEV->PC ACK        4169050641  533005175       0    64
   214    229.318    1.320 DEV->PC ACK|PSH    4169050641  533005175      52   106
   215    231.614    2.296 PC->DEV ACK|PSH     533005175 4169050693      48   102
   216    231.886    0.272 DEV->PC ACK        4169050693  533005223       0    64
   217    233.071    1.185 DEV->PC ACK|PSH    4169050693  533005223      44    98
   218    233.148    0.077 PC->DEV ACK|PSH     533005223 4169050737      48   102
   219    233.361    0.213 DEV->PC ACK        4169050737  533005271       0    64
   220    234.554    1.193 DEV->PC ACK|PSH    4169050737  533005271      44    98
   221    234.616    0.062 PC->DEV ACK|PSH     533005271 4169050781      48   102
   222    234.802    0.186 DEV->PC ACK        4169050781  533005319       0    64
   223    235.932    1.130 DEV->PC ACK|PSH    4169050781  533005319      44    98
   224    236.003    0.071 PC->DEV ACK|PSH     533005319 4169050825      48   102
   225    236.221    0.218 DEV->PC ACK        4169050825  533005367       0    64
   226    237.391    1.170 DEV->PC ACK|PSH    4169050825  533005367      44    98
   227    237.455    0.064 PC->DEV ACK|PSH     533005367 4169050869      48   102
   228    237.610    0.155 DEV->PC ACK        4169050869  533005415       0    64
   229    238.782    1.172 DEV->PC ACK|PSH    4169050869  533005415      40    94
   230    239.043    0.261 PC->DEV ACK|PSH     533005415 4169050909      48   102
   231    239.190    0.147 DEV->PC ACK        4169050909  533005463       0    64
   232    240.380    1.190 DEV->PC ACK|PSH    4169050909  533005463      36    90
   233    240.509    0.129 PC->DEV ACK|PSH     533005463 4169050945       0  4070
   234    243.437    2.928 DEV->PC ACK        4169050945  533009479       0    64
   235    248.173    4.736 DEV->PC ACK|PSH    4169050945  533009479      32    86
   236    248.335    0.162 PC->DEV ACK|PSH     533009479 4169050977      32    86
   237    248.520    0.185 DEV->PC ACK        4169050977  533009511       0    64
   238    249.767    1.247 DEV->PC ACK|PSH    4169050977  533009511      32    86
   239    249.901    0.134 PC->DEV ACK|PSH     533009511 4169051009      32    86
   240    250.090    0.189 DEV->PC ACK        4169051009  533009543       0    64
   241    251.520    1.430 DEV->PC ACK|PSH    4169051009  533009543      32    86
   242    305.844   54.324 PC->DEV ACK         533009543 4169051041       0    54
   243   5225.337 4919.493 DEV->PC ACK        4169051040  533009543       0    64
   244   5225.408    0.071 PC->DEV ACK         533009543 4169051041       0    54
   245   5252.773   27.365 PC->DEV ACK         533009542 4169051041       1    55
   246   5253.094    0.321 DEV->PC ACK        4169051041  533009543       0    64
   247  10225.367 4972.273 DEV->PC ACK        4169051040  533009543       0    64
   248  10225.514    0.147 PC->DEV ACK         533009543 4169051041       0    54
   249  10257.062   31.548 PC->DEV ACK         533009542 4169051041       1    55
   250  10257.382    0.320 DEV->PC ACK        4169051041  533009543       0    64
   251  13154.441 2897.059 PC->DEV ACK|FIN     533009543 4169051041       0    54
   252  13154.764    0.323 DEV->PC ACK        4169051041  533009544       0    64
   253  13154.955    0.191 PC->DEV SYN        2477009029          0       0    66
   254  13155.017    0.062 DEV->PC ACK|FIN    4169051041  533009544       0    64
   255  13155.031    0.014 PC->DEV ACK         533009544 4169051042       0    54
   256  13155.749    0.718 DEV->PC ACK|SYN    4177554432 2477009030       0    64
   257  13155.763    0.014 PC->DEV ACK        2477009030 4177554433       0    54
   258  13155.803    0.040 PC->DEV ACK|PSH    2477009030 4177554433      32    86
   259  13156.016    0.213 DEV->PC ACK        4177554433 2477009062       0    64
   260  13256.934  100.918 DEV->PC ACK|PSH    4177554433 2477009062      40    94
   261  13299.422   42.488 PC->DEV ACK|PSH    2477009062 4177554473      32    86
   262  13299.684    0.262 DEV->PC ACK        4177554473 2477009094       0    64
   263  13300.851    1.167 DEV->PC ACK|PSH    4177554473 2477009094      40    94
   264  13342.812   41.961 PC->DEV ACK        2477009094 4177554513       0    54
   265  15449.122 2106.310 PC->DEV ACK|PSH    2477009094 4177554513      32    86
   266  15449.390    0.268 DEV->PC ACK        4177554513 2477009126       0    64
   267  15450.630    1.240 DEV->PC ACK|PSH    4177554513 2477009126      40    94
   268  15495.644   45.014 PC->DEV ACK        2477009126 4177554553       0    54
   269  16728.134 1232.490 PC->DEV ACK|PSH    2477009126 4177554553      32    86
   270  16728.408    0.274 DEV->PC ACK        4177554553 2477009158       0    64
   271  16729.918    1.510 DEV->PC ACK|PSH    4177554553 2477009158     116   170
   272  16779.962   50.044 PC->DEV ACK        2477009158 4177554669       0    54
   273  16873.378   93.416 DEV->PC ACK|PSH    4177554669 2477009158      84   138
   274  16879.734    6.356 DEV->PC ACK        4177554753 2477009158    1460  1514
   275  16879.789    0.055 PC->DEV ACK        2477009158 4177556213       0    54
   276  16879.840    0.051 DEV->PC ACK        4177556213 2477009158    1460  1514
   277  16879.902    0.062 DEV->PC ACK|PSH    4177557673 2477009158    1220  1274
   278  16880.110    0.208 PC->DEV ACK        2477009158 4177558893       0    54
   279  17029.680  149.570 DEV->PC ACK        4177558893 2477009158    1460  1514
   280  17029.808    0.128 DEV->PC ACK        4177560353 2477009158    1460  1514
   281  17029.808    0.000 DEV->PC ACK|PSH    4177561813 2477009158    1220  1274
   282  17029.952    0.144 PC->DEV ACK        2477009158 4177563033       0    54
   283  17179.611  149.659 DEV->PC ACK        4177563033 2477009158    1460  1514
   284  17179.724    0.113 DEV->PC ACK        4177564493 2477009158    1460  1514
   285  17179.740    0.016 PC->DEV ACK        2477009158 4177565953       0    54
   286  17179.785    0.045 DEV->PC ACK|PSH    4177565953 2477009158    1220  1274
   287  17227.836   48.051 PC->DEV ACK        2477009158 4177567173       0    54
   288  17329.553  101.717 DEV->PC ACK        4177567173 2477009158    1460  1514
   289  17329.706    0.153 DEV->PC ACK        4177568633 2477009158    1460  1514
   290  17329.723    0.017 PC->DEV ACK        2477009158 4177570093       0    54
   291  17329.773    0.050 DEV->PC ACK|PSH    4177570093 2477009158    1220  1274
   292  17380.602   50.829 PC->DEV ACK        2477009158 4177571313       0    54
   293  17479.627   99.025 DEV->PC ACK        4177571313 2477009158    1460  1514
   294  17479.735    0.108 DEV->PC ACK        4177572773 2477009158    1460  1514
   295  17479.749    0.014 PC->DEV ACK        2477009158 4177574233       0    54
   296  17479.795    0.046 DEV->PC ACK|PSH    4177574233 2477009158    1220  1274
   297  17519.697   39.902 PC->DEV ACK        2477009158 4177575453       0    54
   298  17629.590  109.893 DEV->PC ACK        4177575453 2477009158    1460  1514
   299  17629.696    0.106 DEV->PC ACK        4177576913 2477009158    1460  1514
   300  17629.711    0.015 PC->DEV ACK        2477009158 4177578373       0    54
   301  17629.758    0.047 DEV->PC ACK|PSH    4177578373 2477009158    1220  1274
   302  17674.149   44.391 PC->DEV ACK        2477009158 4177579593       0    54
   303  17729.409   55.260 DEV->PC ACK|PSH    4177579593 2477009158      84   138
   304  17779.603   50.194 DEV->PC ACK        4177579677 2477009158    1460  1514
   305  17779.648    0.045 PC->DEV ACK        2477009158 4177581137       0    54
   306  17779.713    0.065 DEV->PC ACK        4177581137 2477009158    1460  1514
   307  17779.781    0.068 DEV->PC ACK|PSH    4177582597 2477009158    1220  1274
   308  17780.022    0.241 PC->DEV ACK        2477009158 4177583817       0    54
   309  17873.545   93.523 DEV->PC ACK|PSH    4177583817 2477009158      84   138
   310  17920.598   47.053 PC->DEV ACK        2477009158 4177583901       0    54
   311  17929.609    9.011 DEV->PC ACK        4177583901 2477009158    1460  1514
   312  17929.714    0.105 DEV->PC ACK        4177585361 2477009158    1460  1514
   313  17929.729    0.015 PC->DEV ACK        2477009158 4177586821       0    54
   314  17929.776    0.047 DEV->PC ACK|PSH    4177586821 2477009158    1220  1274
   315  17982.841   53.065 PC->DEV ACK        2477009158 4177588041       0    54
   316  18079.636   96.795 DEV->PC ACK        4177588041 2477009158    1460  1514
   317  18079.741    0.105 DEV->PC ACK        4177589501 2477009158    1460  1514
   318  18079.758    0.017 PC->DEV ACK        2477009158 4177590961       0    54
   319  18079.817    0.059 DEV->PC ACK|PSH    4177590961 2477009158    1220  1274
   320  18123.108   43.291 PC->DEV ACK        2477009158 4177592181       0    54
   321  18229.582  106.474 DEV->PC ACK        4177592181 2477009158    1460  1514
   322  18229.686    0.104 DEV->PC ACK        4177593641 2477009158    1460  1514
   323  18229.697    0.011 PC->DEV ACK        2477009158 4177595101       0    54
   324  18229.749    0.052 DEV->PC ACK|PSH    4177595101 2477009158    1220  1274
   325  18277.575   47.826 PC->DEV ACK        2477009158 4177596321       0    54
   326  18379.602  102.027 DEV->PC ACK        4177596321 2477009158    1460  1514
   327  18379.709    0.107 DEV->PC ACK        4177597781 2477009158    1460  1514
   328  18379.728    0.019 PC->DEV ACK        2477009158 4177599241       0    54
   329  18379.789    0.061 DEV->PC ACK|PSH    4177599241 2477009158    1220  1274
   330  18431.423   51.634 PC->DEV ACK        2477009158 4177600461       0    54
   331  18529.575   98.152 DEV->PC ACK        4177600461 2477009158    1460  1514
   332  18529.682    0.107 DEV->PC ACK        4177601921 2477009158    1460  1514
   333  18529.696    0.014 PC->DEV ACK        2477009158 4177603381       0    54
   334  18529.751    0.055 DEV->PC ACK|PSH    4177603381 2477009158    1220  1274
   335  18570.592   40.841 PC->DEV ACK        2477009158 4177604601       0    54
   336  18679.606  109.014 DEV->PC ACK        4177604601 2477009158    1460  1514
   337  18679.707    0.101 DEV->PC ACK        4177606061 2477009158    1460  1514
   338  18679.719    0.012 PC->DEV ACK        2477009158 4177607521       0    54
   339  18679.770    0.051 DEV->PC ACK|PSH    4177607521 2477009158    1220  1274
   340  18726.017   46.247 PC->DEV ACK        2477009158 4177608741       0    54
   341  18729.344    3.327 DEV->PC ACK|PSH    4177608741 2477009158      84   138
   342  18772.022   42.678 PC->DEV ACK        2477009158 4177608825       0    54
   343  18829.581   57.559 DEV->PC ACK        4177608825 2477009158    1460  1514
   344  18829.777    0.196 DEV->PC ACK        4177610285 2477009158    1460  1514
   345  18829.778    0.001 DEV->PC ACK|PSH    4177611745 2477009158    1220  1274
   346  18829.884    0.106 PC->DEV ACK        2477009158 4177612965       0    54
   347  18872.750   42.866 DEV->PC ACK|PSH    4177612965 2477009158      84   138
   348  18873.460    0.710 PC->DEV ACK        2477009158 4177613049       0    54
   349  18979.586  106.126 DEV->PC ACK        4177613049 2477009158    1460  1514
   350  18979.687    0.101 DEV->PC ACK        4177614509 2477009158    1460  1514
   351  18979.698    0.011 PC->DEV ACK        2477009158 4177615969       0    54
   352  18979.749    0.051 DEV->PC ACK|PSH    4177615969 2477009158    1220  1274
   353  19033.388   53.639 PC->DEV ACK        2477009158 4177617189       0    54
   354  19129.565   96.177 DEV->PC ACK        4177617189 2477009158    1460  1514
   355  19129.663    0.098 DEV->PC ACK        4177618649 2477009158    1460  1514
   356  19129.667    0.004 PC->DEV ACK        2477009158 4177620109       0    54
   357  19129.726    0.059 DEV->PC ACK|PSH    4177620109 2477009158    1220  1274
   358  19172.809   43.083 PC->DEV ACK        2477009158 4177621329       0    54
   359  19279.566  106.757 DEV->PC ACK        4177621329 2477009158    1460  1514
   360  19279.662    0.096 DEV->PC ACK        4177622789 2477009158    1460  1514
   361  19279.670    0.008 PC->DEV ACK        2477009158 4177624249       0    54
   362  19279.767    0.097 DEV->PC ACK|PSH    4177624249 2477009158    1220  1274
   363  19326.763   46.996 PC->DEV ACK        2477009158 4177625469       0    54
   364  19429.551  102.788 DEV->PC ACK        4177625469 2477009158    1460  1514
   365  19429.659    0.108 DEV->PC ACK        4177626929 2477009158    1460  1514
   366  19429.672    0.013 PC->DEV ACK        2477009158 4177628389       0    54
   367  19429.728    0.056 DEV->PC ACK|PSH    4177628389 2477009158    1220  1274
   368  19482.485   52.757 PC->DEV ACK        2477009158 4177629609       0    54
   369  19579.556   97.071 DEV->PC ACK        4177629609 2477009158    1460  1514
   370  19579.662    0.106 DEV->PC ACK        4177631069 2477009158    1460  1514
   371  19579.673    0.011 PC->DEV ACK        2477009158 4177632529       0    54
   372  19579.724    0.051 DEV->PC ACK|PSH    4177632529 2477009158    1220  1274
   373  19621.338   41.614 PC->DEV ACK        2477009158 4177633749       0    54
   374  19729.607  108.269 DEV->PC ACK        4177633749 2477009158    1460  1514
   375  19729.846    0.239 DEV->PC ACK        4177635209 2477009158    1460  1514
   376  19729.847    0.001 DEV->PC ACK|PSH    4177636669 2477009158    1304  1358
   377  19730.009    0.162 PC->DEV ACK        2477009158 4177637973       0    54
   378  19872.875  142.866 DEV->PC ACK|PSH    4177637973 2477009158      84   138
   379  19879.548    6.673 DEV->PC ACK        4177638057 2477009158    1460  1514
   380  19879.590    0.042 PC->DEV ACK        2477009158 4177639517       0    54
   381  19879.674    0.084 DEV->PC ACK        4177639517 2477009158    1460  1514
   382  19879.735    0.061 DEV->PC ACK|PSH    4177640977 2477009158    1220  1274
   383  19879.910    0.175 PC->DEV ACK        2477009158 4177642197       0    54
   384  20029.554  149.644 DEV->PC ACK        4177642197 2477009158    1460  1514
   385  20029.663    0.109 DEV->PC ACK        4177643657 2477009158    1460  1514
   386  20029.670    0.007 PC->DEV ACK        2477009158 4177645117       0    54
   387  20029.737    0.067 DEV->PC ACK|PSH    4177645117 2477009158    1220  1274
   388  20071.763   42.026 PC->DEV ACK        2477009158 4177646337       0    54
   389  20179.577  107.814 DEV->PC ACK        4177646337 2477009158    1460  1514
   390  20179.697    0.120 DEV->PC ACK        4177647797 2477009158    1460  1514
   391  20179.711    0.014 PC->DEV ACK        2477009158 4177649257       0    54
   392  20179.778    0.067 DEV->PC ACK|PSH    4177649257 2477009158    1220  1274
   393  20226.586   46.808 PC->DEV ACK        2477009158 4177650477       0    54
   394  20329.557  102.971 DEV->PC ACK        4177650477 2477009158    1460  1514
   395  20329.665    0.108 DEV->PC ACK        4177651937 2477009158    1460  1514
   396  20329.680    0.015 PC->DEV ACK        2477009158 4177653397       0    54
   397  20329.726    0.046 DEV->PC ACK|PSH    4177653397 2477009158    1220  1274
   398  20381.276   51.550 PC->DEV ACK        2477009158 4177654617       0    54
   399  20479.551   98.275 DEV->PC ACK        4177654617 2477009158    1460  1514
   400  20479.667    0.116 DEV->PC ACK        4177656077 2477009158    1460  1514
   401  20479.685    0.018 PC->DEV ACK        2477009158 4177657537       0    54
   402  20479.745    0.060 DEV->PC ACK|PSH    4177657537 2477009158    1220  1274
   403  20534.644   54.899 PC->DEV ACK        2477009158 4177658757       0    54
   404  20629.535   94.891 DEV->PC ACK        4177658757 2477009158    1460  1514
   405  20629.639    0.104 DEV->PC ACK        4177660217 2477009158    1460  1514
   406  20629.655    0.016 PC->DEV ACK        2477009158 4177661677       0    54
   407  20629.700    0.045 DEV->PC ACK|PSH    4177661677 2477009158    1220  1274
   408  20672.400   42.700 PC->DEV ACK        2477009158 4177662897       0    54
   409  20729.342   56.942 DEV->PC ACK|PSH    4177662897 2477009158      84   138
   410  20779.526   50.184 DEV->PC ACK        4177662981 2477009158    1460  1514
   411  20779.745    0.219 PC->DEV ACK        2477009158 4177664441       0    54
   412  20779.773    0.028 DEV->PC ACK        4177664441 2477009158    1460  1514
   413  20779.774    0.001 DEV->PC ACK|PSH    4177665901 2477009158    1220  1274
   414  20779.956    0.182 PC->DEV ACK        2477009158 4177667121       0    54
   415  20873.059   93.103 DEV->PC ACK|PSH    4177667121 2477009158      84   138
   416  20921.595   48.536 PC->DEV ACK        2477009158 4177667205       0    54
   417  20929.555    7.960 DEV->PC ACK        4177667205 2477009158    1460  1514
   418  20929.657    0.102 DEV->PC ACK        4177668665 2477009158    1460  1514
   419  20929.674    0.017 PC->DEV ACK        2477009158 4177670125       0    54
   420  20929.719    0.045 DEV->PC ACK|PSH    4177670125 2477009158    1220  1274
   421  20982.910   53.191 PC->DEV ACK        2477009158 4177671345       0    54
   422  21079.579   96.669 DEV->PC ACK        4177671345 2477009158    1460  1514
   423  21079.681    0.102 DEV->PC ACK        4177672805 2477009158    1460  1514
   424  21079.690    0.009 PC->DEV ACK        2477009158 4177674265       0    54
   425  21079.742    0.052 DEV->PC ACK|PSH    4177674265 2477009158    1220  1274
   426  21122.894   43.152 PC->DEV ACK        2477009158 4177675485       0    54
   427  21229.550  106.656 DEV->PC ACK        4177675485 2477009158    1460  1514
   428  21229.654    0.104 DEV->PC ACK        4177676945 2477009158    1460  1514
   429  21229.670    0.016 PC->DEV ACK        2477009158 4177678405       0    54
   430  21229.715    0.045 DEV->PC ACK|PSH    4177678405 2477009158    1220  1274
   431  21277.105   47.390 PC->DEV ACK        2477009158 4177679625       0    54
   432  21379.560  102.455 DEV->PC ACK        4177679625 2477009158    1460  1514
   433  21379.670    0.110 DEV->PC ACK        4177681085 2477009158    1460  1514
   434  21379.685    0.015 PC->DEV ACK        2477009158 4177682545       0    54
   435  21379.730    0.045 DEV->PC ACK|PSH    4177682545 2477009158    1220  1274
   436  21431.778   52.048 PC->DEV ACK        2477009158 4177683765       0    54
   437  21529.527   97.749 DEV->PC ACK        4177683765 2477009158    1460  1514
   438  21529.632    0.105 DEV->PC ACK        4177685225 2477009158    1460  1514
   439  21529.646    0.014 PC->DEV ACK        2477009158 4177686685       0    54
   440  21529.700    0.054 DEV->PC ACK|PSH    4177686685 2477009158    1220  1274
   441  21569.753   40.053 PC->DEV ACK        2477009158 4177687905       0    54
   442  21679.528  109.775 DEV->PC ACK        4177687905 2477009158    1460  1514
   443  21679.638    0.110 DEV->PC ACK        4177689365 2477009158    1460  1514
   444  21679.653    0.015 PC->DEV ACK        2477009158 4177690825       0    54
   445  21679.700    0.047 DEV->PC ACK|PSH    4177690825 2477009158    1220  1274
   446  21723.557   43.857 PC->DEV ACK        2477009158 4177692045       0    54
   447  21729.322    5.765 DEV->PC ACK|PSH    4177692045 2477009158      84   138
   448  21784.879   55.557 PC->DEV ACK        2477009158 4177692129       0    54
   449  21829.516   44.637 DEV->PC ACK        4177692129 2477009158    1460  1514
   450  21829.624    0.108 DEV->PC ACK        4177693589 2477009158    1460  1514
   451  21829.639    0.015 PC->DEV ACK        2477009158 4177695049       0    54
   452  21829.693    0.054 DEV->PC ACK|PSH    4177695049 2477009158    1220  1274
   453  21874.044   44.351 DEV->PC ACK|PSH    4177696269 2477009158      84   138
   454  21875.137    1.093 PC->DEV ACK        2477009158 4177696353       0    54
   455  21979.527  104.390 DEV->PC ACK        4177696353 2477009158    1460  1514
   456  21979.630    0.103 DEV->PC ACK        4177697813 2477009158    1460  1514
   457  21979.646    0.016 PC->DEV ACK        2477009158 4177699273       0    54
   458  21979.708    0.062 DEV->PC ACK|PSH    4177699273 2477009158    1220  1274
   459  22031.122   51.414 PC->DEV ACK        2477009158 4177700493       0    54
   460  22129.523   98.401 DEV->PC ACK        4177700493 2477009158    1460  1514
   461  22129.629    0.106 DEV->PC ACK        4177701953 2477009158    1460  1514
   462  22129.646    0.017 PC->DEV ACK        2477009158 4177703413       0    54
   463  22129.689    0.043 DEV->PC ACK|PSH    4177703413 2477009158    1220  1274
   464  22172.359   42.670 PC->DEV ACK        2477009158 4177704633       0    54
   465  22279.551  107.192 DEV->PC ACK        4177704633 2477009158    1460  1514
   466  22279.658    0.107 DEV->PC ACK        4177706093 2477009158    1460  1514
   467  22279.662    0.004 PC->DEV ACK        2477009158 4177707553       0    54
   468  22279.721    0.059 DEV->PC ACK|PSH    4177707553 2477009158    1220  1274
   469  22326.480   46.759 PC->DEV ACK        2477009158 4177708773       0    54
   470  22429.528  103.048 DEV->PC ACK        4177708773 2477009158    1460  1514
   471  22429.634    0.106 DEV->PC ACK        4177710233 2477009158    1460  1514
   472  22429.649    0.015 PC->DEV ACK        2477009158 4177711693       0    54
   473  22429.695    0.046 DEV->PC ACK|PSH    4177711693 2477009158    1220  1274
   474  22480.162   50.467 PC->DEV ACK        2477009158 4177712913       0    54
   475  22579.542   99.380 DEV->PC ACK        4177712913 2477009158    1460  1514
   476  22579.657    0.115 DEV->PC ACK        4177714373 2477009158    1460  1514
   477  22579.673    0.016 PC->DEV ACK        2477009158 4177715833       0    54
   478  22579.720    0.047 DEV->PC ACK|PSH    4177715833 2477009158    1220  1274
   479  22634.544   54.824 PC->DEV ACK        2477009158 4177717053       0    54
   480  22729.570   95.026 DEV->PC ACK        4177717053 2477009158    1460  1514
   481  22729.674    0.104 DEV->PC ACK        4177718513 2477009158    1460  1514
   482  22729.691    0.017 PC->DEV ACK        2477009158 4177719973       0    54
   483  22729.736    0.045 DEV->PC ACK|PSH    4177719973 2477009158    1220  1274
   484  22729.737    0.001 DEV->PC ACK|PSH    4177721193 2477009158      84   138
   485  22729.931    0.194 PC->DEV ACK        2477009158 4177721277       0    54
   486  22874.162  144.231 DEV->PC ACK|PSH    4177721277 2477009158      84   138
   487  22879.495    5.333 DEV->PC ACK        4177721361 2477009158    1460  1514
   488  22879.512    0.017 PC->DEV ACK        2477009158 4177722821       0    54
   489  22879.625    0.113 DEV->PC ACK        4177722821 2477009158    1460  1514
   490  22879.749    0.124 DEV->PC ACK|PSH    4177724281 2477009158    1220  1274
   491  22879.906    0.157 PC->DEV ACK        2477009158 4177725501       0    54
   492  23029.489  149.583 DEV->PC ACK        4177725501 2477009158    1460  1514
   493  23029.586    0.097 DEV->PC ACK        4177726961 2477009158    1460  1514
   494  23029.593    0.007 PC->DEV ACK        2477009158 4177728421       0    54
   495  23029.648    0.055 DEV->PC ACK|PSH    4177728421 2477009158    1220  1274
   496  23079.171   49.523 PC->DEV ACK        2477009158 4177729641       0    54
   497  23179.515  100.344 DEV->PC ACK        4177729641 2477009158    1460  1514
   498  23179.622    0.107 DEV->PC ACK        4177731101 2477009158    1460  1514
   499  23179.638    0.016 PC->DEV ACK        2477009158 4177732561       0    54
   500  23179.683    0.045 DEV->PC ACK|PSH    4177732561 2477009158    1220  1274
   501  23233.205   53.522 PC->DEV ACK        2477009158 4177733781       0    54
   502  23329.514   96.309 DEV->PC ACK        4177733781 2477009158    1460  1514
   503  23329.619    0.105 DEV->PC ACK        4177735241 2477009158    1460  1514
   504  23329.629    0.010 PC->DEV ACK        2477009158 4177736701       0    54
   505  23329.681    0.052 DEV->PC ACK|PSH    4177736701 2477009158    1220  1274
   506  23372.025   42.344 PC->DEV ACK        2477009158 4177737921       0    54
   507  23479.448  107.423 DEV->PC ACK        4177737921 2477009158    1460  1514
   508  23479.651    0.203 DEV->PC ACK        4177739381 2477009158    1460  1514
   509  23479.660    0.009 PC->DEV ACK        2477009158 4177740841       0    54
   510  23479.678    0.018 DEV->PC ACK|PSH    4177740841 2477009158    1220  1274
   511  23527.178   47.500 PC->DEV ACK        2477009158 4177742061       0    54
   512  23629.509  102.331 DEV->PC ACK        4177742061 2477009158    1460  1514
   513  23629.703    0.194 DEV->PC ACK        4177743521 2477009158    1460  1514
   514  23629.704    0.001 DEV->PC ACK|PSH    4177744981 2477009158    1220  1274
   515  23629.819    0.115 PC->DEV ACK        2477009158 4177746201       0    54
   516  23729.345   99.526 DEV->PC ACK|PSH    4177746201 2477009158      84   138
   517  23774.947   45.602 PC->DEV ACK        2477009158 4177746285       0    54
   518  23779.487    4.540 DEV->PC ACK        4177746285 2477009158    1460  1514
   519  23779.594    0.107 DEV->PC ACK        4177747745 2477009158    1460  1514
   520  23779.612    0.018 PC->DEV ACK        2477009158 4177749205       0    54
   521  23779.672    0.060 DEV->PC ACK|PSH    4177749205 2477009158    1220  1274
   522  23822.077   42.405 PC->DEV ACK        2477009158 4177750425       0    54
   523  23873.385   51.308 DEV->PC ACK|PSH    4177750425 2477009158      84   138
   524  23915.586   42.201 PC->DEV ACK        2477009158 4177750509       0    54
   525  23929.489   13.903 DEV->PC ACK        4177750509 2477009158    1460  1514
   526  23929.586    0.097 DEV->PC ACK        4177751969 2477009158    1460  1514
   527  23929.593    0.007 PC->DEV ACK        2477009158 4177753429       0    54
   528  23929.658    0.065 DEV->PC ACK|PSH    4177753429 2477009158    1220  1274
   529  23977.357   47.699 PC->DEV ACK        2477009158 4177754649       0    54
   530  24079.550  102.193 DEV->PC ACK        4177754649 2477009158    1460  1514
   531  24079.707    0.157 DEV->PC ACK        4177756109 2477009158    1460  1514
   532  24079.708    0.001 DEV->PC ACK|PSH    4177757569 2477009158    1220  1274
   533  24080.032    0.324 PC->DEV ACK        2477009158 4177758789       0    54
   534  24229.495  149.463 DEV->PC ACK        4177758789 2477009158    1460  1514
   535  24229.601    0.106 DEV->PC ACK        4177760249 2477009158    1460  1514
   536  24229.616    0.015 PC->DEV ACK        2477009158 4177761709       0    54
   537  24229.661    0.045 DEV->PC ACK|PSH    4177761709 2477009158    1220  1274
   538  24270.655   40.994 PC->DEV ACK        2477009158 4177762929       0    54
   539  24379.501  108.846 DEV->PC ACK        4177762929 2477009158    1460  1514
   540  24379.606    0.105 DEV->PC ACK        4177764389 2477009158    1460  1514
   541  24379.622    0.016 PC->DEV ACK        2477009158 4177765849       0    54
   542  24379.682    0.060 DEV->PC ACK|PSH    4177765849 2477009158    1220  1274
   543  24424.817   45.135 PC->DEV ACK        2477009158 4177767069       0    54
   544  24529.483  104.666 DEV->PC ACK        4177767069 2477009158    1460  1514
   545  24529.587    0.104 DEV->PC ACK        4177768529 2477009158    1460  1514
   546  24529.602    0.015 PC->DEV ACK        2477009158 4177769989       0    54
   547  24529.648    0.046 DEV->PC ACK|PSH    4177769989 2477009158    1220  1274
   548  24580.110   50.462 PC->DEV ACK        2477009158 4177771209       0    54
   549  24679.500   99.390 DEV->PC ACK        4177771209 2477009158    1460  1514
   550  24679.606    0.106 DEV->PC ACK        4177772669 2477009158    1460  1514
   551  24679.623    0.017 PC->DEV ACK        2477009158 4177774129       0    54
   552  24679.683    0.060 DEV->PC ACK|PSH    4177774129 2477009158    1220  1274
   553  24729.357   49.674 DEV->PC ACK|PSH    4177775349 2477009158      84   138
   554  24729.601    0.244 PC->DEV ACK        2477009158 4177775433       0    54
   555  24829.502   99.901 DEV->PC ACK        4177775433 2477009158    1460  1514
   556  24829.596    0.094 DEV->PC ACK        4177776893 2477009158    1460  1514
   557  24829.600    0.004 PC->DEV ACK        2477009158 4177778353       0    54
   558  24829.671    0.071 DEV->PC ACK|PSH    4177778353 2477009158    1220  1274
   559  24871.428   41.757 PC->DEV ACK        2477009158 4177779573       0    54
   560  24874.419    2.991 DEV->PC ACK|PSH    4177779573 2477009158      84   138
   561  24917.439   43.020 PC->DEV ACK        2477009158 4177779657       0    54
   562  24979.518   62.079 DEV->PC ACK        4177779657 2477009158    1460  1514
   563  24979.653    0.135 DEV->PC ACK        4177781117 2477009158    1460  1514
   564  24979.654    0.001 DEV->PC ACK|PSH    4177782577 2477009158    1220  1274
   565  24979.951    0.297 PC->DEV ACK        2477009158 4177783797       0    54
   566  25129.469  149.518 DEV->PC ACK        4177783797 2477009158    1460  1514
   567  25129.571    0.102 DEV->PC ACK        4177785257 2477009158    1460  1514
   568  25129.587    0.016 PC->DEV ACK        2477009158 4177786717       0    54
   569  25129.632    0.045 DEV->PC ACK|PSH    4177786717 2477009158    1220  1274
   570  25179.243   49.611 PC->DEV ACK        2477009158 4177787937       0    54
   571  25279.480  100.237 DEV->PC ACK        4177787937 2477009158    1460  1514
   572  25279.588    0.108 DEV->PC ACK        4177789397 2477009158    1460  1514
   573  25279.606    0.018 PC->DEV ACK        2477009158 4177790857       0    54
   574  25279.667    0.061 DEV->PC ACK|PSH    4177790857 2477009158    1220  1274
   575  25334.294   54.627 PC->DEV ACK        2477009158 4177792077       0    54
   576  25429.466   95.172 DEV->PC ACK        4177792077 2477009158    1460  1514
   577  25429.570    0.104 DEV->PC ACK        4177793537 2477009158    1460  1514
   578  25429.586    0.016 PC->DEV ACK        2477009158 4177794997       0    54
   579  25429.632    0.046 DEV->PC ACK|PSH    4177794997 2477009158    1220  1274
   580  25474.095   44.463 PC->DEV ACK        2477009158 4177796217       0    54
   581  25579.476  105.381 DEV->PC ACK        4177796217 2477009158    1460  1514
   582  25579.585    0.109 DEV->PC ACK        4177797677 2477009158    1460  1514
   583  25579.606    0.021 PC->DEV ACK        2477009158 4177799137       0    54
   584  25579.668    0.062 DEV->PC ACK|PSH    4177799137 2477009158    1220  1274
   585  25627.326   47.658 PC->DEV ACK        2477009158 4177800357       0    54
   586  25729.524  102.198 DEV->PC ACK        4177800357 2477009158    1460  1514
   587  25729.628    0.104 DEV->PC ACK        4177801817 2477009158    1460  1514
   588  25729.646    0.018 PC->DEV ACK        2477009158 4177803277       0    54
   589  25729.690    0.044 DEV->PC ACK|PSH    4177803277 2477009158    1220  1274
   590  25729.691    0.001 DEV->PC ACK|PSH    4177804497 2477009158      84   138
   591  25729.894    0.203 PC->DEV ACK        2477009158 4177804581       0    54
   592  25874.619  144.725 DEV->PC ACK|PSH    4177804581 2477009158      84   138
   593  25879.470    4.851 DEV->PC ACK        4177804665 2477009158    1460  1514
   594  25879.525    0.055 PC->DEV ACK        2477009158 4177806125       0    54
   595  25879.574    0.049 DEV->PC ACK        4177806125 2477009158    1460  1514
   596  25879.632    0.058 DEV->PC ACK|PSH    4177807585 2477009158    1220  1274
   597  25879.859    0.227 PC->DEV ACK        2477009158 4177808805       0    54
   598  26029.462  149.603 DEV->PC ACK        4177808805 2477009158    1460  1514
   599  26029.568    0.106 DEV->PC ACK        4177810265 2477009158    1460  1514
   600  26029.612    0.044 PC->DEV ACK        2477009158 4177811725       0    54
   601  26029.654    0.042 DEV->PC ACK|PSH    4177811725 2477009158    1220  1274
   602  26074.072   44.418 PC->DEV ACK        2477009158 4177812945       0    54
   603  26179.461  105.389 DEV->PC ACK        4177812945 2477009158    1460  1514
   604  26179.583    0.122 DEV->PC ACK        4177814405 2477009158    1460  1514
   605  26179.602    0.019 PC->DEV ACK        2477009158 4177815865       0    54
   606  26179.650    0.048 DEV->PC ACK|PSH    4177815865 2477009158    1220  1274
   607  26228.672   49.022 PC->DEV ACK        2477009158 4177817085       0    54
   608  26329.441  100.769 DEV->PC ACK        4177817085 2477009158    1460  1514
   609  26329.537    0.096 DEV->PC ACK        4177818545 2477009158    1460  1514
   610  26329.545    0.008 PC->DEV ACK        2477009158 4177820005       0    54
   611  26329.609    0.064 DEV->PC ACK|PSH    4177820005 2477009158    1220  1274
   612  26384.162   54.553 PC->DEV ACK        2477009158 4177821225       0    54
   613  26479.442   95.280 DEV->PC ACK        4177821225 2477009158    1460  1514
   614  26479.547    0.105 DEV->PC ACK        4177822685 2477009158    1460  1514
   615  26479.562    0.015 PC->DEV ACK        2477009158 4177824145       0    54
   616  26479.608    0.046 DEV->PC ACK|PSH    4177824145 2477009158    1220  1274
   617  26522.945   43.337 PC->DEV ACK        2477009158 4177825365       0    54
   618  26629.442  106.497 DEV->PC ACK        4177825365 2477009158    1460  1514
   619  26629.545    0.103 DEV->PC ACK        4177826825 2477009158    1460  1514
   620  26629.556    0.011 PC->DEV ACK        2477009158 4177828285       0    54
   621  26629.606    0.050 DEV->PC ACK|PSH    4177828285 2477009158    1220  1274
   622  26676.591   46.985 PC->DEV ACK        2477009158 4177829505       0    54
   623  26729.350   52.759 DEV->PC ACK|PSH    4177829505 2477009158      84   138
   624  26779.434   50.084 DEV->PC ACK        4177829589 2477009158    1460  1514
   625  26779.479    0.045 PC->DEV ACK        2477009158 4177831049       0    54
   626  26779.541    0.062 DEV->PC ACK        4177831049 2477009158    1460  1514
   627  26779.601    0.060 DEV->PC ACK|PSH    4177832509 2477009158    1220  1274
   628  26779.833    0.232 PC->DEV ACK        2477009158 4177833729       0    54
   629  26874.679   94.846 DEV->PC ACK|PSH    4177833729 2477009158      84   138
   630  26923.302   48.623 PC->DEV ACK        2477009158 4177833813       0    54
   631  26929.434    6.132 DEV->PC ACK        4177833813 2477009158    1460  1514
   632  26929.542    0.108 DEV->PC ACK        4177835273 2477009158    1460  1514
   633  26929.558    0.016 PC->DEV ACK        2477009158 4177836733       0    54
   634  26929.602    0.044 DEV->PC ACK|PSH    4177836733 2477009158    1220  1274
   635  26970.202   40.600 PC->DEV ACK        2477009158 4177837953       0    54
   636  27079.460  109.258 DEV->PC ACK        4177837953 2477009158    1460  1514
   637  27079.631    0.171 DEV->PC ACK        4177839413 2477009158    1460  1514
   638  27079.632    0.001 DEV->PC ACK|PSH    4177840873 2477009158    1220  1274
   639  27079.920    0.288 PC->DEV ACK        2477009158 4177842093       0    54
   640  27229.456  149.536 DEV->PC ACK        4177842093 2477009158    1460  1514
   641  27229.563    0.107 DEV->PC ACK        4177843553 2477009158    1460  1514
   642  27229.574    0.011 PC->DEV ACK        2477009158 4177845013       0    54
   643  27229.624    0.050 DEV->PC ACK|PSH    4177845013 2477009158    1220  1274
   644  27278.545   48.921 PC->DEV ACK        2477009158 4177846233       0    54
   645  27379.482  100.937 DEV->PC ACK        4177846233 2477009158    1460  1514
   646  27379.589    0.107 DEV->PC ACK        4177847693 2477009158    1460  1514
   647  27379.604    0.015 PC->DEV ACK        2477009158 4177849153       0    54
   648  27379.674    0.070 DEV->PC ACK|PSH    4177849153 2477009158    1220  1274
   649  27431.769   52.095 PC->DEV ACK        2477009158 4177850373       0    54
   650  27529.448   97.679 DEV->PC ACK        4177850373 2477009158    1460  1514
   651  27529.643    0.195 DEV->PC ACK        4177851833 2477009158    1460  1514
   652  27529.644    0.001 DEV->PC ACK|PSH    4177853293 2477009158    1220  1274
   653  27529.858    0.214 PC->DEV ACK        2477009158 4177854513       0    54
   654  27679.444  149.586 DEV->PC ACK        4177854513 2477009158    1460  1514
   655  27679.624    0.180 DEV->PC ACK        4177855973 2477009158    1460  1514
   656  27679.625    0.001 DEV->PC ACK|PSH    4177857433 2477009158    1220  1274
   657  27679.928    0.303 PC->DEV ACK        2477009158 4177858653       0    54
   658  27729.363   49.435 DEV->PC ACK|PSH    4177858653 2477009158      84   138
   659  27772.589   43.226 PC->DEV ACK        2477009158 4177858737       0    54
   660  27829.508   56.919 DEV->PC ACK        4177858737 2477009158    1460  1514
   661  27829.666    0.158 DEV->PC ACK        4177860197 2477009158    1460  1514
   662  27829.668    0.002 DEV->PC ACK|PSH    4177861657 2477009158    1220  1274
   663  27829.904    0.236 PC->DEV ACK        2477009158 4177862877       0    54
   664  27873.864   43.960 DEV->PC ACK|PSH    4177862877 2477009158      84   138
   665  27874.538    0.674 PC->DEV ACK        2477009158 4177862961       0    54
   666  27979.447  104.909 DEV->PC ACK        4177862961 2477009158    1460  1514
   667  27979.556    0.109 DEV->PC ACK        4177864421 2477009158    1460  1514
   668  27979.574    0.018 PC->DEV ACK        2477009158 4177865881       0    54
   669  27979.634    0.060 DEV->PC ACK|PSH    4177865881 2477009158    1220  1274
   670  28021.798   42.164 PC->DEV ACK        2477009158 4177867101       0    54
   671  28129.450  107.652 DEV->PC ACK        4177867101 2477009158    1460  1514
   672  28129.554    0.104 DEV->PC ACK        4177868561 2477009158    1460  1514
   673  28129.570    0.016 PC->DEV ACK        2477009158 4177870021       0    54
   674  28129.615    0.045 DEV->PC ACK|PSH    4177870021 2477009158    1220  1274
   675  28175.907   46.292 PC->DEV ACK        2477009158 4177871241       0    54
   676  28279.473  103.566 DEV->PC ACK        4177871241 2477009158    1460  1514
   677  28279.580    0.107 DEV->PC ACK        4177872701 2477009158    1460  1514
   678  28279.595    0.015 PC->DEV ACK        2477009158 4177874161       0    54
   679  28279.641    0.046 DEV->PC ACK|PSH    4177874161 2477009158    1220  1274
   680  28331.992   52.351 PC->DEV ACK        2477009158 4177875381       0    54
   681  28429.450   97.458 DEV->PC ACK        4177875381 2477009158    1460  1514
   682  28429.575    0.125 DEV->PC ACK        4177876841 2477009158    1460  1514
   683  28429.591    0.016 PC->DEV ACK        2477009158 4177878301       0    54
   684  28429.637    0.046 DEV->PC ACK|PSH    4177878301 2477009158    1220  1274
   685  28484.721   55.084 PC->DEV ACK        2477009158 4177879521       0    54
   686  28579.434   94.713 DEV->PC ACK        4177879521 2477009158    1460  1514
   687  28579.538    0.104 DEV->PC ACK        4177880981 2477009158    1460  1514
   688  28579.554    0.016 PC->DEV ACK        2477009158 4177882441       0    54
   689  28579.616    0.062 DEV->PC ACK|PSH    4177882441 2477009158    1220  1274
   690  28622.941   43.325 PC->DEV ACK        2477009158 4177883661       0    54
   691  28729.390  106.449 DEV->PC ACK        4177883661 2477009158    1460  1514
   692  28729.496    0.106 DEV->PC ACK        4177885121 2477009158    1460  1514
   693  28729.511    0.015 PC->DEV ACK        2477009158 4177886581       0    54
   694  28729.559    0.048 DEV->PC ACK|PSH    4177886581 2477009158    1220  1274
   695  28729.560    0.001 DEV->PC ACK|PSH    4177887801 2477009158      84   138
   696  28729.756    0.196 PC->DEV ACK        2477009158 4177887885       0    54
   697  28874.917  145.161 DEV->PC ACK|PSH    4177887885 2477009158      84   138
   698  28879.394    4.477 DEV->PC ACK        4177887969 2477009158    1460  1514
   699  28879.432    0.038 PC->DEV ACK        2477009158 4177889429       0    54
   700  28879.503    0.071 DEV->PC ACK        4177889429 2477009158    1460  1514
   701  28879.562    0.059 DEV->PC ACK|PSH    4177890889 2477009158    1220  1274
   702  28879.796    0.234 PC->DEV ACK        2477009158 4177892109       0    54
   703  29029.446  149.650 DEV->PC ACK        4177892109 2477009158    1460  1514
   704  29029.592    0.146 DEV->PC ACK        4177893569 2477009158    1460  1514
   705  29029.593    0.001 DEV->PC ACK|PSH    4177895029 2477009158    1220  1274
   706  29029.747    0.154 PC->DEV ACK        2477009158 4177896249       0    54
   707  29179.395  149.648 DEV->PC ACK        4177896249 2477009158    1460  1514
   708  29179.500    0.105 DEV->PC ACK        4177897709 2477009158    1460  1514
   709  29179.515    0.015 PC->DEV ACK        2477009158 4177899169       0    54
   710  29179.561    0.046 DEV->PC ACK|PSH    4177899169 2477009158    1220  1274
   711  29224.629   45.068 PC->DEV ACK        2477009158 4177900389       0    54
   712  29329.492  104.863 DEV->PC ACK        4177900389 2477009158    1460  1514
   713  29329.643    0.151 DEV->PC ACK        4177901849 2477009158    1460  1514
   714  29329.644    0.001 DEV->PC ACK|PSH    4177903309 2477009158    1220  1274
   715  29329.892    0.248 PC->DEV ACK        2477009158 4177904529       0    54
   716  29479.392  149.500 DEV->PC ACK        4177904529 2477009158    1460  1514
   717  29479.500    0.108 DEV->PC ACK        4177905989 2477009158    1460  1514
   718  29479.516    0.016 PC->DEV ACK        2477009158 4177907449       0    54
   719  29479.577    0.061 DEV->PC ACK|PSH    4177907449 2477009158    1220  1274
   720  29533.833   54.256 PC->DEV ACK        2477009158 4177908669       0    54
   721  29629.415   95.582 DEV->PC ACK        4177908669 2477009158    1460  1514
   722  29629.519    0.104 DEV->PC ACK        4177910129 2477009158    1460  1514
   723  29629.537    0.018 PC->DEV ACK        2477009158 4177911589       0    54
   724  29629.596    0.059 DEV->PC ACK|PSH    4177911589 2477009158    1220  1274
   725  29673.999   44.403 PC->DEV ACK        2477009158 4177912809       0    54
   726  29729.370   55.371 DEV->PC ACK|PSH    4177912809 2477009158      84   138
   727  29779.368   49.998 DEV->PC ACK        4177912893 2477009158    1460  1514
   728  29779.409    0.041 PC->DEV ACK        2477009158 4177914353       0    54
   729  29779.476    0.067 DEV->PC ACK        4177914353 2477009158    1460  1514
   730  29779.536    0.060 DEV->PC ACK|PSH    4177915813 2477009158    1220  1274
   731  29779.731    0.195 PC->DEV ACK        2477009158 4177917033       0    54
   732  29875.128   95.397 DEV->PC ACK|PSH    4177917033 2477009158      84   138
   733  29921.592   46.464 PC->DEV ACK        2477009158 4177917117       0    54
   734  29929.397    7.805 DEV->PC ACK        4177917117 2477009158    1460  1514
   735  29929.504    0.107 DEV->PC ACK        4177918577 2477009158    1460  1514
   736  29929.519    0.015 PC->DEV ACK        2477009158 4177920037       0    54
   737  29929.565    0.046 DEV->PC ACK|PSH    4177920037 2477009158    1220  1274
   738  29983.072   53.507 PC->DEV ACK        2477009158 4177921257       0    54
   739  30079.370   96.298 DEV->PC ACK        4177921257 2477009158    1460  1514
   740  30079.477    0.107 DEV->PC ACK        4177922717 2477009158    1460  1514
   741  30079.490    0.013 PC->DEV ACK        2477009158 4177924177       0    54
   742  30079.538    0.048 DEV->PC ACK|PSH    4177924177 2477009158    1220  1274
   743  30120.497   40.959 PC->DEV ACK        2477009158 4177925397       0    54
   744  30229.357  108.860 DEV->PC ACK        4177925397 2477009158    1460  1514
   745  30229.453    0.096 DEV->PC ACK        4177926857 2477009158    1460  1514
   746  30229.456    0.003 PC->DEV ACK        2477009158 4177928317       0    54
   747  30229.559    0.103 DEV->PC ACK|PSH    4177928317 2477009158    1220  1274
   748  30274.946   45.387 PC->DEV ACK        2477009158 4177929537       0    54
   749  30379.395  104.449 DEV->PC ACK        4177929537 2477009158    1460  1514
   750  30379.493    0.098 DEV->PC ACK        4177930997 2477009158    1460  1514
   751  30379.503    0.010 PC->DEV ACK        2477009158 4177932457       0    54
   752  30379.556    0.053 DEV->PC ACK|PSH    4177932457 2477009158    1220  1274
   753  30427.863   48.307 PC->DEV ACK        2477009158 4177933677       0    54
   754  30529.406  101.543 DEV->PC ACK        4177933677 2477009158    1460  1514
   755  30529.504    0.098 DEV->PC ACK        4177935137 2477009158    1460  1514
   756  30529.513    0.009 PC->DEV ACK        2477009158 4177936597       0    54
   757  30529.578    0.065 DEV->PC ACK|PSH    4177936597 2477009158    1220  1274
   758  30583.080   53.502 PC->DEV ACK        2477009158 4177937817       0    54
   759  30679.339   96.259 DEV->PC ACK        4177937817 2477009158    1460  1514
   760  30679.480    0.141 DEV->PC ACK        4177939277 2477009158    1460  1514
   761  30679.491    0.011 PC->DEV ACK        2477009158 4177940737       0    54
   762  30679.543    0.052 DEV->PC ACK|PSH    4177940737 2477009158    1220  1274
   763  30722.616   43.073 PC->DEV ACK        2477009158 4177941957       0    54
   764  30729.434    6.818 DEV->PC ACK|PSH    4177941957 2477009158      84   138
   765  30770.040   40.606 PC->DEV ACK        2477009158 4177942041       0    54
   766  30829.451   59.411 DEV->PC ACK        4177942041 2477009158    1460  1514
   767  30829.534    0.083 DEV->PC ACK        4177943501 2477009158    1460  1514
   768  30829.535    0.001 DEV->PC ACK|PSH    4177944961 2477009158    1220  1274
   769  30829.644    0.109 PC->DEV ACK        2477009158 4177946181       0    54
   770  30875.134   45.490 DEV->PC ACK|PSH    4177946181 2477009158      84   138
   771  30876.085    0.951 PC->DEV ACK        2477009158 4177946265       0    54
   772  30979.384  103.299 DEV->PC ACK        4177946265 2477009158    1460  1514
   773  30979.494    0.110 DEV->PC ACK        4177947725 2477009158    1460  1514
   774  30979.510    0.016 PC->DEV ACK        2477009158 4177949185       0    54
   775  30979.614    0.104 DEV->PC ACK|PSH    4177949185 2477009158    1220  1274
   776  31035.500   55.886 PC->DEV ACK        2477009158 4177950405       0    54
   777  31129.362   93.862 DEV->PC ACK        4177950405 2477009158    1460  1514
   778  31129.460    0.098 DEV->PC ACK        4177951865 2477009158    1460  1514
   779  31129.466    0.006 PC->DEV ACK        2477009158 4177953325       0    54
   780  31129.540    0.074 DEV->PC ACK|PSH    4177953325 2477009158    1220  1274
   781  31175.712   46.172 PC->DEV ACK        2477009158 4177954545       0    54
   782  31279.429  103.717 DEV->PC ACK        4177954545 2477009158    1460  1514
   783  31279.489    0.060 DEV->PC ACK        4177956005 2477009158    1460  1514
   784  31279.496    0.007 PC->DEV ACK        2477009158 4177957465       0    54
   785  31279.605    0.109 DEV->PC ACK|PSH    4177957465 2477009158    1220  1274
   786  31331.379   51.774 PC->DEV ACK        2477009158 4177958685       0    54
   787  31429.427   98.048 DEV->PC ACK        4177958685 2477009158    1460  1514
   788  31429.485    0.058 DEV->PC ACK        4177960145 2477009158    1460  1514
   789  31429.493    0.008 PC->DEV ACK        2477009158 4177961605       0    54
   790  31429.641    0.148 DEV->PC ACK|PSH    4177961605 2477009158    1220  1274
   791  31470.921   41.280 PC->DEV ACK        2477009158 4177962825       0    54
   792  31579.436  108.515 DEV->PC ACK        4177962825 2477009158    1460  1514
   793  31579.495    0.059 DEV->PC ACK        4177964285 2477009158    1460  1514
   794  31579.503    0.008 PC->DEV ACK        2477009158 4177965745       0    54
   795  31579.665    0.162 DEV->PC ACK|PSH    4177965745 2477009158    1220  1274
   796  31626.964   47.299 PC->DEV ACK        2477009158 4177966965       0    54
   797  31729.366  102.402 DEV->PC ACK        4177966965 2477009158    1460  1514
   798  31729.465    0.099 DEV->PC ACK        4177968425 2477009158    1460  1514
   799  31729.468    0.003 PC->DEV ACK        2477009158 4177969885       0    54
   800  31729.541    0.073 DEV->PC ACK|PSH    4177969885 2477009158    1220  1274
   801  31729.541    0.000 DEV->PC ACK|PSH    4177971105 2477009158      84   138
   802  31729.647    0.106 PC->DEV ACK        2477009158 4177971189       0    54
   803  31874.452  144.805 DEV->PC ACK|PSH    4177971189 2477009158      84   138
   804  31879.391    4.939 DEV->PC ACK        4177971273 2477009158    1460  1514
   805  31879.488    0.097 PC->DEV ACK        2477009158 4177972733       0    54
   806  31879.541    0.053 DEV->PC ACK        4177972733 2477009158    1460  1514
   807  31879.542    0.001 DEV->PC ACK|PSH    4177974193 2477009158    1220  1274
   808  31879.690    0.148 PC->DEV ACK        2477009158 4177975413       0    54
   809  32029.377  149.687 DEV->PC ACK        4177975413 2477009158    1460  1514
   810  32029.482    0.105 DEV->PC ACK        4177976873 2477009158    1460  1514
   811  32029.496    0.014 PC->DEV ACK        2477009158 4177978333       0    54
   812  32029.542    0.046 DEV->PC ACK|PSH    4177978333 2477009158    1220  1274
   813  32078.589   49.047 PC->DEV ACK        2477009158 4177979553       0    54
   814  32179.356  100.767 DEV->PC ACK        4177979553 2477009158    1460  1514
   815  32179.460    0.104 DEV->PC ACK        4177981013 2477009158    1460  1514
   816  32179.476    0.016 PC->DEV ACK        2477009158 4177982473       0    54
   817  32179.538    0.062 DEV->PC ACK|PSH    4177982473 2477009158    1220  1274
   818  32232.378   52.840 PC->DEV ACK        2477009158 4177983693       0    54
   819  32329.359   96.981 DEV->PC ACK        4177983693 2477009158    1460  1514
   820  32329.468    0.109 DEV->PC ACK        4177985153 2477009158    1460  1514
   821  32329.484    0.016 PC->DEV ACK        2477009158 4177986613       0    54
   822  32329.531    0.047 DEV->PC ACK|PSH    4177986613 2477009158    1220  1274
   823  32372.316   42.785 PC->DEV ACK        2477009158 4177987833       0    54
   824  32479.350  107.034 DEV->PC ACK        4177987833 2477009158    1460  1514
   825  32479.445    0.095 DEV->PC ACK        4177989293 2477009158    1460  1514
   826  32479.451    0.006 PC->DEV ACK        2477009158 4177990753       0    54
   827  32479.517    0.066 DEV->PC ACK|PSH    4177990753 2477009158    1220  1274
   828  32525.854   46.337 PC->DEV ACK        2477009158 4177991973       0    54
   829  32629.333  103.479 DEV->PC ACK        4177991973 2477009158    1460  1514
   830  32629.441    0.108 DEV->PC ACK        4177993433 2477009158    1460  1514
   831  32629.456    0.015 PC->DEV ACK        2477009158 4177994893       0    54
   832  32629.505    0.049 DEV->PC ACK|PSH    4177994893 2477009158    1220  1274
   833  32679.469   49.964 PC->DEV ACK        2477009158 4177996113       0    54
   834  32729.395   49.926 DEV->PC ACK|PSH    4177996113 2477009158      84   138
   835  32772.355   42.960 PC->DEV ACK        2477009158 4177996197       0    54
   836  32779.348    6.993 DEV->PC ACK        4177996197 2477009158    1460  1514
   837  32779.454    0.106 DEV->PC ACK        4177997657 2477009158    1460  1514
   838  32779.467    0.013 PC->DEV ACK        2477009158 4177999117       0    54
   839  32779.521    0.054 DEV->PC ACK|PSH    4177999117 2477009158    1220  1274
   840  32833.553   54.032 PC->DEV ACK        2477009158 4178000337       0    54
   841  32874.498   40.945 DEV->PC ACK|PSH    4178000337 2477009158      84   138
   842  32927.924   53.426 PC->DEV ACK        2477009158 4178000421       0    54
   843  32929.343    1.419 DEV->PC ACK        4178000421 2477009158    1460  1514
   844  32929.443    0.100 DEV->PC ACK        4178001881 2477009158    1460  1514
   845  32929.446    0.003 PC->DEV ACK        2477009158 4178003341       0    54
   846  32929.514    0.068 DEV->PC ACK|PSH    4178003341 2477009158    1220  1274
   847  32973.580   44.066 PC->DEV ACK        2477009158 4178004561       0    54
   848  33001.174   27.594 PC->DEV ACK|PSH    2477009158 4178004561      32    86
   849  33001.369    0.195 DEV->PC ACK        4178004561 2477009190       0    64
   850  33003.089    1.720 DEV->PC ACK|PSH    4178004561 2477009190      32    86
   851  33050.838   47.749 PC->DEV ACK        2477009190 4178004593       0    54
   852  38014.253 4963.415 PC->DEV ACK        2477009189 4178004593       1    55
   853  38014.457    0.204 DEV->PC ACK        4178004593 2477009190       0    64
   854  42794.720 4780.263 PC->DEV ACK|PSH    2477009190 4178004593      32    86
   855  42794.877    0.157 DEV->PC ACK        4178004593 2477009222       0    64
   856  42796.096    1.219 DEV->PC ACK|PSH    4178004593 2477009222      40    94
   857  42796.247    0.151 PC->DEV ACK|PSH    2477009222 4178004633      32    86
   858  42796.379    0.132 DEV->PC ACK        4178004633 2477009254       0    64
   859  42797.620    1.241 DEV->PC ACK|PSH    4178004633 2477009254      40    94
   860  42797.824    0.204 PC->DEV ACK|PSH    2477009254 4178004673      48   102
   861  42798.085    0.261 DEV->PC ACK        4178004673 2477009302       0    64
   862  42799.364    1.279 DEV->PC ACK|PSH    4178004673 2477009302     124   178
   863  42799.430    0.066 PC->DEV ACK|PSH    2477009302 4178004797      48   102
   864  42799.742    0.312 DEV->PC ACK        4178004797 2477009350       0    64
   865  42800.868    1.126 DEV->PC ACK|PSH    4178004797 2477009350     124   178
   866  42800.929    0.061 PC->DEV ACK|PSH    2477009350 4178004921      48   102
   867  42801.156    0.227 DEV->PC ACK        4178004921 2477009398       0    64
   868  42802.366    1.210 DEV->PC ACK|PSH    4178004921 2477009398     124   178
   869  42802.667    0.301 PC->DEV ACK|PSH    2477009398 4178005045      48   102
   870  42802.919    0.252 DEV->PC ACK        4178005045 2477009446       0    64
   871  42804.126    1.207 DEV->PC ACK|PSH    4178005045 2477009446     124   178
   872  42804.297    0.171 PC->DEV ACK|PSH    2477009446 4178005169      48   102
   873  42804.630    0.333 DEV->PC ACK        4178005169 2477009494       0    64
   874  42805.705    1.075 DEV->PC ACK|PSH    4178005169 2477009494     124   178
   875  42805.849    0.144 PC->DEV ACK|PSH    2477009494 4178005293      48   102
   876  42806.056    0.207 DEV->PC ACK        4178005293 2477009542       0    64
   877  42807.297    1.241 DEV->PC ACK|PSH    4178005293 2477009542     124   178
   878  42807.391    0.094 PC->DEV ACK|PSH    2477009542 4178005417      48   102
   879  42807.610    0.219 DEV->PC ACK        4178005417 2477009590       0    64
   880  42808.763    1.153 DEV->PC ACK|PSH    4178005417 2477009590     124   178
   881  42808.948    0.185 PC->DEV ACK|PSH    2477009590 4178005541      48   102
   882  42809.171    0.223 DEV->PC ACK        4178005541 2477009638       0    64
   883  42810.312    1.141 DEV->PC ACK|PSH    4178005541 2477009638     124   178
   884  42810.490    0.178 PC->DEV ACK|PSH    2477009638 4178005665      48   102
   885  42810.648    0.158 DEV->PC ACK        4178005665 2477009686       0    64
   886  42811.845    1.197 DEV->PC ACK|PSH    4178005665 2477009686     124   178
   887  42812.008    0.163 PC->DEV ACK|PSH    2477009686 4178005789      48   102
   888  42812.273    0.265 DEV->PC ACK        4178005789 2477009734       0    64
   889  42813.460    1.187 DEV->PC ACK|PSH    4178005789 2477009734     124   178
   890  42813.780    0.320 PC->DEV ACK|PSH    2477009734 4178005913      48   102
   891  42813.920    0.140 DEV->PC ACK        4178005913 2477009782       0    64
   892  42815.173    1.253 DEV->PC ACK|PSH    4178005913 2477009782     124   178
   893  42815.505    0.332 PC->DEV ACK|PSH    2477009782 4178006037      48   102
   894  42815.648    0.143 DEV->PC ACK        4178006037 2477009830       0    64
   895  42816.889    1.241 DEV->PC ACK|PSH    4178006037 2477009830     124   178
   896  42817.221    0.332 PC->DEV ACK|PSH    2477009830 4178006161      48   102
   897  42817.371    0.150 DEV->PC ACK        4178006161 2477009878       0    64
   898  42818.599    1.228 DEV->PC ACK|PSH    4178006161 2477009878     124   178
   899  42818.849    0.250 PC->DEV ACK|PSH    2477009878 4178006285      48   102
   900  42819.077    0.228 DEV->PC ACK        4178006285 2477009926       0    64
   901  42820.295    1.218 DEV->PC ACK|PSH    4178006285 2477009926     124   178
   902  42820.550    0.255 PC->DEV ACK|PSH    2477009926 4178006409      48   102
   903  42820.723    0.173 DEV->PC ACK        4178006409 2477009974       0    64
   904  42821.928    1.205 DEV->PC ACK|PSH    4178006409 2477009974     124   178
   905  42822.161    0.233 PC->DEV ACK|PSH    2477009974 4178006533      48   102
   906  42822.415    0.254 DEV->PC ACK        4178006533 2477010022       0    64
   907  42823.761    1.346 DEV->PC ACK|PSH    4178006533 2477010022     124   178
   908  42823.873    0.112 PC->DEV ACK|PSH    2477010022 4178006657      48   102
   909  42824.097    0.224 DEV->PC ACK        4178006657 2477010070       0    64
   910  42825.324    1.227 DEV->PC ACK|PSH    4178006657 2477010070     124   178
   911  42825.619    0.295 PC->DEV ACK|PSH    2477010070 4178006781      48   102
   912  42825.755    0.136 DEV->PC ACK        4178006781 2477010118       0    64
   913  42826.969    1.214 DEV->PC ACK|PSH    4178006781 2477010118     124   178
   914  42827.188    0.219 PC->DEV ACK|PSH    2477010118 4178006905      48   102
   915  42827.386    0.198 DEV->PC ACK        4178006905 2477010166       0    64
   916  42828.586    1.200 DEV->PC ACK|PSH    4178006905 2477010166     124   178
   917  42828.777    0.191 PC->DEV ACK|PSH    2477010166 4178007029      48   102
   918  42828.984    0.207 DEV->PC ACK        4178007029 2477010214       0    64
   919  42830.202    1.218 DEV->PC ACK|PSH    4178007029 2477010214     124   178
   920  42830.433    0.231 PC->DEV ACK|PSH    2477010214 4178007153      48   102
   921  42830.688    0.255 DEV->PC ACK        4178007153 2477010262       0    64
   922  42831.914    1.226 DEV->PC ACK|PSH    4178007153 2477010262     124   178
   923  42832.153    0.239 PC->DEV ACK|PSH    2477010262 4178007277      48   102
   924  42832.366    0.213 DEV->PC ACK        4178007277 2477010310       0    64
   925  42833.594    1.228 DEV->PC ACK|PSH    4178007277 2477010310     124   178
   926  42833.911    0.317 PC->DEV ACK|PSH    2477010310 4178007401      48   102
   927  42834.099    0.188 DEV->PC ACK        4178007401 2477010358       0    64
   928  42835.332    1.233 DEV->PC ACK|PSH    4178007401 2477010358     124   178
   929  42835.675    0.343 PC->DEV ACK|PSH    2477010358 4178007525      48   102
   930  42835.922    0.247 DEV->PC ACK        4178007525 2477010406       0    64
   931  42837.013    1.091 DEV->PC ACK|PSH    4178007525 2477010406     124   178
   932  42837.324    0.311 PC->DEV ACK|PSH    2477010406 4178007649      48   102
   933  42837.571    0.247 DEV->PC ACK        4178007649 2477010454       0    64
   934  42838.674    1.103 DEV->PC ACK|PSH    4178007649 2477010454     124   178
   935  42839.056    0.382 PC->DEV ACK|PSH    2477010454 4178007773      48   102
   936  42839.181    0.125 DEV->PC ACK        4178007773 2477010502       0    64
   937  42840.373    1.192 DEV->PC ACK|PSH    4178007773 2477010502     124   178
   938  42840.673    0.300 PC->DEV ACK|PSH    2477010502 4178007897      48   102
   939  42840.806    0.133 DEV->PC ACK        4178007897 2477010550       0    64
   940  42842.020    1.214 DEV->PC ACK|PSH    4178007897 2477010550     124   178
   941  42842.406    0.386 PC->DEV ACK|PSH    2477010550 4178008021      48   102
   942  42842.592    0.186 DEV->PC ACK        4178008021 2477010598       0    64
   943  42843.761    1.169 DEV->PC ACK|PSH    4178008021 2477010598     124   178
   944  42844.054    0.293 PC->DEV ACK|PSH    2477010598 4178008145      48   102
   945  42844.229    0.175 DEV->PC ACK        4178008145 2477010646       0    64
   946  42845.430    1.201 DEV->PC ACK|PSH    4178008145 2477010646     124   178
   947  42845.660    0.230 PC->DEV ACK|PSH    2477010646 4178008269      48   102
   948  42845.923    0.263 DEV->PC ACK        4178008269 2477010694       0    64
   949  42847.094    1.171 DEV->PC ACK|PSH    4178008269 2477010694     124   178
   950  42847.339    0.245 PC->DEV ACK|PSH    2477010694 4178008393      48   102
   951  42847.558    0.219 DEV->PC ACK        4178008393 2477010742       0    64
   952  42848.787    1.229 DEV->PC ACK|PSH    4178008393 2477010742     124   178
   953  42849.045    0.258 PC->DEV ACK|PSH    2477010742 4178008517      48   102
   954  42849.339    0.294 DEV->PC ACK        4178008517 2477010790       0    64
   955  42850.517    1.178 DEV->PC ACK|PSH    4178008517 2477010790     124   178
   956  42850.750    0.233 PC->DEV ACK|PSH    2477010790 4178008641      48   102
   957  42851.037    0.287 DEV->PC ACK        4178008641 2477010838       0    64
   958  42852.234    1.197 DEV->PC ACK|PSH    4178008641 2477010838     124   178
   959  42852.517    0.283 PC->DEV ACK|PSH    2477010838 4178008765      48   102
   960  42852.702    0.185 DEV->PC ACK        4178008765 2477010886       0    64
   961  42853.910    1.208 DEV->PC ACK|PSH    4178008765 2477010886     124   178
   962  42854.140    0.230 PC->DEV ACK|PSH    2477010886 4178008889      48   102
   963  42854.395    0.255 DEV->PC ACK        4178008889 2477010934       0    64
   964  42855.617    1.222 DEV->PC ACK|PSH    4178008889 2477010934     124   178
   965  42856.162    0.545 PC->DEV ACK|PSH    2477010934 4178009013      48   102
   966  42856.326    0.164 DEV->PC ACK        4178009013 2477010982       0    64
   967  42857.639    1.313 DEV->PC ACK|PSH    4178009013 2477010982     124   178
   968  42857.808    0.169 PC->DEV ACK|PSH    2477010982 4178009137      48   102
   969  42858.046    0.238 DEV->PC ACK        4178009137 2477011030       0    64
   970  42859.265    1.219 DEV->PC ACK|PSH    4178009137 2477011030     124   178
   971  42859.469    0.204 PC->DEV ACK|PSH    2477011030 4178009261      48   102
   972  42859.633    0.164 DEV->PC ACK        4178009261 2477011078       0    64
   973  42860.832    1.199 DEV->PC ACK|PSH    4178009261 2477011078     124   178
   974  42860.921    0.089 PC->DEV ACK|PSH    2477011078 4178009385      48   102
   975  42861.090    0.169 DEV->PC ACK        4178009385 2477011126       0    64
   976  42862.403    1.313 DEV->PC ACK|PSH    4178009385 2477011126     124   178
   977  42862.485    0.082 PC->DEV ACK|PSH    2477011126 4178009509      48   102
   978  42862.643    0.158 DEV->PC ACK        4178009509 2477011174       0    64
   979  42864.040    1.397 DEV->PC ACK|PSH    4178009509 2477011174     124   178
   980  42864.119    0.079 PC->DEV ACK|PSH    2477011174 4178009633      48   102
   981  42864.387    0.268 DEV->PC ACK        4178009633 2477011222       0    64
   982  42865.614    1.227 DEV->PC ACK|PSH    4178009633 2477011222     124   178
   983  42865.887    0.273 PC->DEV ACK|PSH    2477011222 4178009757      48   102
   984  42866.081    0.194 DEV->PC ACK        4178009757 2477011270       0    64
   985  42867.325    1.244 DEV->PC ACK|PSH    4178009757 2477011270     124   178
   986  42867.591    0.266 PC->DEV ACK|PSH    2477011270 4178009881      48   102
   987  42867.792    0.201 DEV->PC ACK        4178009881 2477011318       0    64
   988  42869.025    1.233 DEV->PC ACK|PSH    4178009881 2477011318     124   178
   989  42869.250    0.225 PC->DEV ACK|PSH    2477011318 4178010005      48   102
   990  42869.459    0.209 DEV->PC ACK        4178010005 2477011366       0    64
   991  42870.687    1.228 DEV->PC ACK|PSH    4178010005 2477011366     124   178
   992  42870.968    0.281 PC->DEV ACK|PSH    2477011366 4178010129      48   102
   993  42871.171    0.203 DEV->PC ACK        4178010129 2477011414       0    64
   994  42872.393    1.222 DEV->PC ACK|PSH    4178010129 2477011414     124   178
   995  42872.664    0.271 PC->DEV ACK|PSH    2477011414 4178010253      48   102
   996  42872.890    0.226 DEV->PC ACK        4178010253 2477011462       0    64
   997  42874.090    1.200 DEV->PC ACK|PSH    4178010253 2477011462     124   178
   998  42874.356    0.266 PC->DEV ACK|PSH    2477011462 4178010377      48   102
   999  42874.551    0.195 DEV->PC ACK        4178010377 2477011510       0    64
  1000  42875.787    1.236 DEV->PC ACK|PSH    4178010377 2477011510     124   178
  1001  42876.021    0.234 PC->DEV ACK|PSH    2477011510 4178010501      48   102
  1002  42876.238    0.217 DEV->PC ACK        4178010501 2477011558       0    64
  1003  42877.477    1.239 DEV->PC ACK|PSH    4178010501 2477011558     124   178
  1004  42877.664    0.187 PC->DEV ACK|PSH    2477011558 4178010625      48   102
  1005  42877.956    0.292 DEV->PC ACK        4178010625 2477011606       0    64
  1006  42879.153    1.197 DEV->PC ACK|PSH    4178010625 2477011606     124   178
  1007  42879.525    0.372 PC->DEV ACK|PSH    2477011606 4178010749      48   102
  1008  42879.660    0.135 DEV->PC ACK        4178010749 2477011654       0    64
  1009  42880.866    1.206 DEV->PC ACK|PSH    4178010749 2477011654     124   178
  1010  42881.224    0.358 PC->DEV ACK|PSH    2477011654 4178010873      48   102
  1011  42881.386    0.162 DEV->PC ACK        4178010873 2477011702       0    64
  1012  42882.604    1.218 DEV->PC ACK|PSH    4178010873 2477011702     124   178
  1013  42882.838    0.234 PC->DEV ACK|PSH    2477011702 4178010997      48   102
  1014  42883.122    0.284 DEV->PC ACK        4178010997 2477011750       0    64
  1015  42884.334    1.212 DEV->PC ACK|PSH    4178010997 2477011750     124   178
  1016  42884.527    0.193 PC->DEV ACK|PSH    2477011750 4178011121      48   102
  1017  42884.808    0.281 DEV->PC ACK        4178011121 2477011798       0    64
  1018  42885.935    1.127 DEV->PC ACK|PSH    4178011121 2477011798     124   178
  1019  42886.431    0.496 PC->DEV ACK|PSH    2477011798 4178011245      48   102
  1020  42886.662    0.231 DEV->PC ACK        4178011245 2477011846       0    64
  1021  42887.772    1.110 DEV->PC ACK|PSH    4178011245 2477011846     124   178
  1022  42888.035    0.263 PC->DEV ACK|PSH    2477011846 4178011369      48   102
  1023  42888.183    0.148 DEV->PC ACK        4178011369 2477011894       0    64
  1024  42889.353    1.170 DEV->PC ACK|PSH    4178011369 2477011894     124   178
  1025  42889.757    0.404 PC->DEV ACK|PSH    2477011894 4178011493      48   102
  1026  42889.994    0.237 DEV->PC ACK        4178011493 2477011942       0    64
  1027  42891.079    1.085 DEV->PC ACK|PSH    4178011493 2477011942     124   178
  1028  42891.429    0.350 PC->DEV ACK|PSH    2477011942 4178011617      48   102
  1029  42891.573    0.144 DEV->PC ACK        4178011617 2477011990       0    64
  1030  42892.758    1.185 DEV->PC ACK|PSH    4178011617 2477011990     124   178
  1031  42893.038    0.280 PC->DEV ACK|PSH    2477011990 4178011741      48   102
  1032  42893.286    0.248 DEV->PC ACK        4178011741 2477012038       0    64
  1033  42894.473    1.187 DEV->PC ACK|PSH    4178011741 2477012038     124   178
  1034  42894.697    0.224 PC->DEV ACK|PSH    2477012038 4178011865      48   102
  1035  42894.917    0.220 DEV->PC ACK        4178011865 2477012086       0    64
  1036  42896.079    1.162 DEV->PC ACK|PSH    4178011865 2477012086     124   178
  1037  42896.539    0.460 PC->DEV ACK|PSH    2477012086 4178011989      48   102
  1038  42896.707    0.168 DEV->PC ACK        4178011989 2477012134       0    64
  1039  42898.061    1.354 DEV->PC ACK|PSH    4178011989 2477012134     124   178
  1040  42898.199    0.138 PC->DEV ACK|PSH    2477012134 4178012113      48   102
  1041  42898.386    0.187 DEV->PC ACK        4178012113 2477012182       0    64
  1042  42899.601    1.215 DEV->PC ACK|PSH    4178012113 2477012182     124   178
  1043  42899.731    0.130 PC->DEV ACK|PSH    2477012182 4178012237      48   102
  1044  42899.953    0.222 DEV->PC ACK        4178012237 2477012230       0    64
  1045  42901.160    1.207 DEV->PC ACK|PSH    4178012237 2477012230     124   178
  1046  42901.501    0.341 PC->DEV ACK|PSH    2477012230 4178012361      48   102
  1047  42901.682    0.181 DEV->PC ACK        4178012361 2477012278       0    64
  1048  42902.865    1.183 DEV->PC ACK|PSH    4178012361 2477012278     124   178
  1049  42903.172    0.307 PC->DEV ACK|PSH    2477012278 4178012485      48   102
  1050  42903.341    0.169 DEV->PC ACK        4178012485 2477012326       0    64
  1051  42904.512    1.171 DEV->PC ACK|PSH    4178012485 2477012326     124   178
  1052  42904.802    0.290 PC->DEV ACK|PSH    2477012326 4178012609      40    94
  1053  42905.041    0.239 DEV->PC ACK        4178012609 2477012366       0    64
  1054  42906.207    1.166 DEV->PC ACK|PSH    4178012609 2477012366      52   106
  1055  42908.936    2.729 PC->DEV ACK|PSH    2477012366 4178012661      48   102
  1056  42909.207    0.271 DEV->PC ACK        4178012661 2477012414       0    64
  1057  42910.400    1.193 DEV->PC ACK|PSH    4178012661 2477012414      44    98
  1058  42910.504    0.104 PC->DEV ACK|PSH    2477012414 4178012705      48   102
  1059  42910.715    0.211 DEV->PC ACK        4178012705 2477012462       0    64
  1060  42911.848    1.133 DEV->PC ACK|PSH    4178012705 2477012462      44    98
  1061  42911.943    0.095 PC->DEV ACK|PSH    2477012462 4178012749      48   102
  1062  42912.160    0.217 DEV->PC ACK        4178012749 2477012510       0    64
  1063  42913.300    1.140 DEV->PC ACK|PSH    4178012749 2477012510      44    98
  1064  42913.387    0.087 PC->DEV ACK|PSH    2477012510 4178012793      48   102
  1065  42913.612    0.225 DEV->PC ACK        4178012793 2477012558       0    64
  1066  42914.812    1.200 DEV->PC ACK|PSH    4178012793 2477012558      44    98
  1067  42914.950    0.138 PC->DEV ACK|PSH    2477012558 4178012837      48   102
  1068  42915.171    0.221 DEV->PC ACK        4178012837 2477012606       0    64
  1069  42916.407    1.236 DEV->PC ACK|PSH    4178012837 2477012606      40    94
  1070  42916.551    0.144 PC->DEV ACK|PSH    2477012606 4178012877      48   102
  1071  42916.694    0.143 DEV->PC ACK        4178012877 2477012654       0    64
  1072  42917.816    1.122 DEV->PC ACK|PSH    4178012877 2477012654      36    90
  1073  42917.912    0.096 PC->DEV ACK|PSH    2477012654 4178012913       0  4070
  1074  42920.562    2.650 DEV->PC ACK        4178012913 2477016670       0    64
  1075  42925.689    5.127 DEV->PC ACK|PSH    4178012913 2477016670      32    86
  1076  42925.840    0.151 PC->DEV ACK|PSH    2477016670 4178012945      32    86
  1077  42926.064    0.224 DEV->PC ACK        4178012945 2477016702       0    64
  1078  42927.343    1.279 DEV->PC ACK|PSH    4178012945 2477016702      32    86
  1079  42927.480    0.137 PC->DEV ACK|PSH    2477016702 4178012977      32    86
  1080  42927.750    0.270 DEV->PC ACK        4178012977 2477016734       0    64
  1081  42929.122    1.372 DEV->PC ACK|PSH    4178012977 2477016734      32    86
  1082  42984.858   55.736 PC->DEV ACK        2477016734 4178013009       0    54
  1083  47925.444 4940.586 DEV->PC ACK        4178013008 2477016734       0    64
  1084  47925.600    0.156 PC->DEV ACK        2477016734 4178013009       0    54
  1085  47935.674   10.074 PC->DEV ACK        2477016733 4178013009       1    55
  1086  47935.907    0.233 DEV->PC ACK        4178013009 2477016734       0    64
  1087  52925.415 4989.508 DEV->PC ACK        4178013008 2477016734       0    64
  1088  52925.492    0.077 PC->DEV ACK        2477016734 4178013009       0    54
  1089  52939.844   14.352 PC->DEV ACK        2477016733 4178013009       1    55
  1090  52940.125    0.281 DEV->PC ACK        4178013009 2477016734       0    64
  1091  53211.802  271.677 PC->DEV ACK|FIN    2477016734 4178013009       0    54
  1092  53212.144    0.342 DEV->PC ACK        4178013009 2477016735       0    64
  1093  53212.360    0.216 DEV->PC ACK|FIN    4178013009 2477016735       0    64
  1094  53212.431    0.071 PC->DEV ACK        2477016735 4178013010       0    54
