# MIC-185 192.168.9.155:4000; packets=794
# idx  relative    delta direction flags      seq        ack        payload wire
     1      0.000    0.000 PC->DEV SYN        1893634508          0       0    66
     2      1.655    1.655 DEV->PC ACK|SYN    4237138432 1893634509       0    64
     3      1.704    0.049 PC->DEV ACK        1893634509 4237138433       0    54
     4      3.823    2.119 PC->DEV ACK|PSH    1893634509 4237138433      32    86
     5      4.088    0.265 DEV->PC ACK        4237138433 1893634541       0    64
     6     11.985    7.897 DEV->PC ACK|PSH    4237138433 1893634541      40    94
     7     34.152   22.167 PC->DEV ACK|PSH    1893634541 4237138473      32    86
     8     34.410    0.258 DEV->PC ACK        4237138473 1893634573       0    64
     9     36.427    2.017 DEV->PC ACK|PSH    4237138473 1893634573      52   106
    10     83.551   47.124 PC->DEV ACK        1893634573 4237138525       0    54
    11    111.397   27.846 PC->DEV ACK|PSH    1893634573 4237138525      40    94
    12    111.657    0.260 DEV->PC ACK        4237138525 1893634613       0    64
    13    112.935    1.278 DEV->PC ACK|PSH    4237138525 1893634613     100   154
    14    135.393   22.458 PC->DEV ACK|PSH    1893634613 4237138625      32    86
    15    135.594    0.201 DEV->PC ACK        4237138625 1893634645       0    64
    16    136.951    1.357 DEV->PC ACK|PSH    4237138625 1893634645      40    94
    17    139.397    2.446 PC->DEV ACK|PSH    1893634645 4237138665      32    86
    18    139.591    0.194 DEV->PC ACK        4237138665 1893634677       0    64
    19    140.745    1.154 DEV->PC ACK|PSH    4237138665 1893634677      40    94
    20    143.006    2.261 PC->DEV ACK|PSH    1893634677 4237138705      48   102
    21    143.216    0.210 DEV->PC ACK        4237138705 1893634725       0    64
    22    144.438    1.222 DEV->PC ACK|PSH    4237138705 1893634725     124   178
    23    146.687    2.249 PC->DEV ACK|PSH    1893634725 4237138829      48   102
    24    146.907    0.220 DEV->PC ACK        4237138829 1893634773       0    64
    25    148.151    1.244 DEV->PC ACK|PSH    4237138829 1893634773     124   178
    26    149.546    1.395 PC->DEV ACK|PSH    1893634773 4237138953      48   102
    27    149.788    0.242 DEV->PC ACK        4237138953 1893634821       0    64
    28    150.929    1.141 DEV->PC ACK|PSH    4237138953 1893634821     124   178
    29    152.887    1.958 PC->DEV ACK|PSH    1893634821 4237139077      48   102
    30    153.094    0.207 DEV->PC ACK        4237139077 1893634869       0    64
    31    154.229    1.135 DEV->PC ACK|PSH    4237139077 1893634869     124   178
    32    154.306    0.077 PC->DEV ACK|PSH    1893634869 4237139201      48   102
    33    154.463    0.157 DEV->PC ACK        4237139201 1893634917       0    64
    34    155.722    1.259 DEV->PC ACK|PSH    4237139201 1893634917     124   178
    35    155.844    0.122 PC->DEV ACK|PSH    1893634917 4237139325      48   102
    36    156.040    0.196 DEV->PC ACK        4237139325 1893634965       0    64
    37    157.218    1.178 DEV->PC ACK|PSH    4237139325 1893634965     124   178
    38    157.327    0.109 PC->DEV ACK|PSH    1893634965 4237139449      48   102
    39    157.460    0.133 DEV->PC ACK        4237139449 1893635013       0    64
    40    158.670    1.210 DEV->PC ACK|PSH    4237139449 1893635013     124   178
    41    158.796    0.126 PC->DEV ACK|PSH    1893635013 4237139573      48   102
    42    158.956    0.160 DEV->PC ACK        4237139573 1893635061       0    64
    43    160.391    1.435 DEV->PC ACK|PSH    4237139573 1893635061     124   178
    44    160.474    0.083 PC->DEV ACK|PSH    1893635061 4237139697      48   102
    45    160.656    0.182 DEV->PC ACK        4237139697 1893635109       0    64
    46    161.958    1.302 DEV->PC ACK|PSH    4237139697 1893635109     124   178
    47    162.045    0.087 PC->DEV ACK|PSH    1893635109 4237139821      48   102
    48    162.329    0.284 DEV->PC ACK        4237139821 1893635157       0    64
    49    163.523    1.194 DEV->PC ACK|PSH    4237139821 1893635157     124   178
    50    163.778    0.255 PC->DEV ACK|PSH    1893635157 4237139945      48   102
    51    164.078    0.300 DEV->PC ACK        4237139945 1893635205       0    64
    52    165.267    1.189 DEV->PC ACK|PSH    4237139945 1893635205     124   178
    53    167.444    2.177 PC->DEV ACK|PSH    1893635205 4237140069      48   102
    54    167.579    0.135 DEV->PC ACK        4237140069 1893635253       0    64
    55    169.032    1.453 DEV->PC ACK|PSH    4237140069 1893635253     124   178
    56    169.112    0.080 PC->DEV ACK|PSH    1893635253 4237140193      48   102
    57    169.280    0.168 DEV->PC ACK        4237140193 1893635301       0    64
    58    170.769    1.489 DEV->PC ACK|PSH    4237140193 1893635301     124   178
    59    172.923    2.154 PC->DEV ACK|PSH    1893635301 4237140317      48   102
    60    173.186    0.263 DEV->PC ACK        4237140317 1893635349       0    64
    61    174.407    1.221 DEV->PC ACK|PSH    4237140317 1893635349     124   178
    62    174.579    0.172 PC->DEV ACK|PSH    1893635349 4237140441      48   102
    63    174.724    0.145 DEV->PC ACK        4237140441 1893635397       0    64
    64    175.940    1.216 DEV->PC ACK|PSH    4237140441 1893635397     124   178
    65    176.102    0.162 PC->DEV ACK|PSH    1893635397 4237140565      48   102
    66    176.259    0.157 DEV->PC ACK        4237140565 1893635445       0    64
    67    177.475    1.216 DEV->PC ACK|PSH    4237140565 1893635445     124   178
    68    177.641    0.166 PC->DEV ACK|PSH    1893635445 4237140689      48   102
    69    177.772    0.131 DEV->PC ACK        4237140689 1893635493       0    64
    70    178.996    1.224 DEV->PC ACK|PSH    4237140689 1893635493     124   178
    71    179.167    0.171 PC->DEV ACK|PSH    1893635493 4237140813      48   102
    72    179.321    0.154 DEV->PC ACK        4237140813 1893635541       0    64
    73    180.551    1.230 DEV->PC ACK|PSH    4237140813 1893635541     124   178
    74    180.726    0.175 PC->DEV ACK|PSH    1893635541 4237140937      48   102
    75    180.876    0.150 DEV->PC ACK        4237140937 1893635589       0    64
    76    182.031    1.155 DEV->PC ACK|PSH    4237140937 1893635589     124   178
    77    182.205    0.174 PC->DEV ACK|PSH    1893635589 4237141061      48   102
    78    182.362    0.157 DEV->PC ACK        4237141061 1893635637       0    64
    79    183.528    1.166 DEV->PC ACK|PSH    4237141061 1893635637     124   178
    80    183.660    0.132 PC->DEV ACK|PSH    1893635637 4237141185      48   102
    81    183.828    0.168 DEV->PC ACK        4237141185 1893635685       0    64
    82    185.200    1.372 DEV->PC ACK|PSH    4237141185 1893635685     124   178
    83    185.280    0.080 PC->DEV ACK|PSH    1893635685 4237141309      48   102
    84    185.545    0.265 DEV->PC ACK        4237141309 1893635733       0    64
    85    186.882    1.337 DEV->PC ACK|PSH    4237141309 1893635733     124   178
    86    186.979    0.097 PC->DEV ACK|PSH    1893635733 4237141433      48   102
    87    187.219    0.240 DEV->PC ACK        4237141433 1893635781       0    64
    88    188.414    1.195 DEV->PC ACK|PSH    4237141433 1893635781     124   178
    89    188.541    0.127 PC->DEV ACK|PSH    1893635781 4237141557      48   102
    90    188.724    0.183 DEV->PC ACK        4237141557 1893635829       0    64
    91    190.160    1.436 DEV->PC ACK|PSH    4237141557 1893635829     124   178
    92    190.294    0.134 PC->DEV ACK|PSH    1893635829 4237141681      48   102
    93    190.442    0.148 DEV->PC ACK        4237141681 1893635877       0    64
    94    191.787    1.345 DEV->PC ACK|PSH    4237141681 1893635877     124   178
    95    193.945    2.158 PC->DEV ACK|PSH    1893635877 4237141805      48   102
    96    194.209    0.264 DEV->PC ACK        4237141805 1893635925       0    64
    97    195.416    1.207 DEV->PC ACK|PSH    4237141805 1893635925     124   178
    98    195.549    0.133 PC->DEV ACK|PSH    1893635925 4237141929      48   102
    99    195.711    0.162 DEV->PC ACK        4237141929 1893635973       0    64
   100    197.068    1.357 DEV->PC ACK|PSH    4237141929 1893635973     124   178
   101    197.155    0.087 PC->DEV ACK|PSH    1893635973 4237142053      48   102
   102    197.313    0.158 DEV->PC ACK        4237142053 1893636021       0    64
   103    198.813    1.500 DEV->PC ACK|PSH    4237142053 1893636021     124   178
   104    198.928    0.115 PC->DEV ACK|PSH    1893636021 4237142177      48   102
   105    199.122    0.194 DEV->PC ACK        4237142177 1893636069       0    64
   106    200.499    1.377 DEV->PC ACK|PSH    4237142177 1893636069     124   178
   107    200.577    0.078 PC->DEV ACK|PSH    1893636069 4237142301      48   102
   108    200.768    0.191 DEV->PC ACK        4237142301 1893636117       0    64
   109    202.043    1.275 DEV->PC ACK|PSH    4237142301 1893636117     124   178
   110    202.170    0.127 PC->DEV ACK|PSH    1893636117 4237142425      48   102
   111    202.420    0.250 DEV->PC ACK        4237142425 1893636165       0    64
   112    203.641    1.221 DEV->PC ACK|PSH    4237142425 1893636165     124   178
   113    204.206    0.565 PC->DEV ACK|PSH    1893636165 4237142549      48   102
   114    204.362    0.156 DEV->PC ACK        4237142549 1893636213       0    64
   115    205.754    1.392 DEV->PC ACK|PSH    4237142549 1893636213     124   178
   116    205.897    0.143 PC->DEV ACK|PSH    1893636213 4237142673      48   102
   117    206.070    0.173 DEV->PC ACK        4237142673 1893636261       0    64
   118    207.449    1.379 DEV->PC ACK|PSH    4237142673 1893636261     124   178
   119    207.567    0.118 PC->DEV ACK|PSH    1893636261 4237142797      48   102
   120    207.766    0.199 DEV->PC ACK        4237142797 1893636309       0    64
   121    209.033    1.267 DEV->PC ACK|PSH    4237142797 1893636309     124   178
   122    209.137    0.104 PC->DEV ACK|PSH    1893636309 4237142921      48   102
   123    209.407    0.270 DEV->PC ACK        4237142921 1893636357       0    64
   124    210.625    1.218 DEV->PC ACK|PSH    4237142921 1893636357     124   178
   125    210.924    0.299 PC->DEV ACK|PSH    1893636357 4237143045      48   102
   126    211.231    0.307 DEV->PC ACK        4237143045 1893636405       0    64
   127    212.404    1.173 DEV->PC ACK|PSH    4237143045 1893636405     124   178
   128    212.680    0.276 PC->DEV ACK|PSH    1893636405 4237143169      48   102
   129    212.969    0.289 DEV->PC ACK        4237143169 1893636453       0    64
   130    214.152    1.183 DEV->PC ACK|PSH    4237143169 1893636453     124   178
   131    214.361    0.209 PC->DEV ACK|PSH    1893636453 4237143293      48   102
   132    214.590    0.229 DEV->PC ACK        4237143293 1893636501       0    64
   133    215.735    1.145 DEV->PC ACK|PSH    4237143293 1893636501     124   178
   134    216.180    0.445 PC->DEV ACK|PSH    1893636501 4237143417      48   102
   135    216.346    0.166 DEV->PC ACK        4237143417 1893636549       0    64
   136    217.518    1.172 DEV->PC ACK|PSH    4237143417 1893636549     124   178
   137    217.844    0.326 PC->DEV ACK|PSH    1893636549 4237143541      48   102
   138    218.011    0.167 DEV->PC ACK        4237143541 1893636597       0    64
   139    219.228    1.217 DEV->PC ACK|PSH    4237143541 1893636597     124   178
   140    219.553    0.325 PC->DEV ACK|PSH    1893636597 4237143665      48   102
   141    219.800    0.247 DEV->PC ACK        4237143665 1893636645       0    64
   142    220.977    1.177 DEV->PC ACK|PSH    4237143665 1893636645     124   178
   143    221.232    0.255 PC->DEV ACK|PSH    1893636645 4237143789      48   102
   144    221.556    0.324 DEV->PC ACK        4237143789 1893636693       0    64
   145    222.672    1.116 DEV->PC ACK|PSH    4237143789 1893636693     124   178
   146    222.940    0.268 PC->DEV ACK|PSH    1893636693 4237143913      48   102
   147    223.242    0.302 DEV->PC ACK        4237143913 1893636741       0    64
   148    224.428    1.186 DEV->PC ACK|PSH    4237143913 1893636741     124   178
   149    224.691    0.263 PC->DEV ACK|PSH    1893636741 4237144037      48   102
   150    224.975    0.284 DEV->PC ACK        4237144037 1893636789       0    64
   151    226.081    1.106 DEV->PC ACK|PSH    4237144037 1893636789     124   178
   152    226.571    0.490 PC->DEV ACK|PSH    1893636789 4237144161      48   102
   153    226.749    0.178 DEV->PC ACK        4237144161 1893636837       0    64
   154    228.058    1.309 DEV->PC ACK|PSH    4237144161 1893636837     124   178
   155    228.303    0.245 PC->DEV ACK|PSH    1893636837 4237144285      48   102
   156    228.495    0.192 DEV->PC ACK        4237144285 1893636885       0    64
   157    229.675    1.180 DEV->PC ACK|PSH    4237144285 1893636885     124   178
   158    230.032    0.357 PC->DEV ACK|PSH    1893636885 4237144409      48   102
   159    230.300    0.268 DEV->PC ACK        4237144409 1893636933       0    64
   160    231.463    1.163 DEV->PC ACK|PSH    4237144409 1893636933     124   178
   161    231.812    0.349 PC->DEV ACK|PSH    1893636933 4237144533      48   102
   162    232.036    0.224 DEV->PC ACK        4237144533 1893636981       0    64
   163    233.210    1.174 DEV->PC ACK|PSH    4237144533 1893636981     124   178
   164    233.825    0.615 PC->DEV ACK|PSH    1893636981 4237144657      48   102
   165    234.082    0.257 DEV->PC ACK        4237144657 1893637029       0    64
   166    235.380    1.298 DEV->PC ACK|PSH    4237144657 1893637029     124   178
   167    235.492    0.112 PC->DEV ACK|PSH    1893637029 4237144781      48   102
   168    235.741    0.249 DEV->PC ACK        4237144781 1893637077       0    64
   169    236.930    1.189 DEV->PC ACK|PSH    4237144781 1893637077     124   178
   170    237.038    0.108 PC->DEV ACK|PSH    1893637077 4237144905      48   102
   171    237.252    0.214 DEV->PC ACK        4237144905 1893637125       0    64
   172    238.454    1.202 DEV->PC ACK|PSH    4237144905 1893637125     124   178
   173    238.687    0.233 PC->DEV ACK|PSH    1893637125 4237145029      48   102
   174    238.882    0.195 DEV->PC ACK        4237145029 1893637173       0    64
   175    240.064    1.182 DEV->PC ACK|PSH    4237145029 1893637173     124   178
   176    240.309    0.245 PC->DEV ACK|PSH    1893637173 4237145153      48   102
   177    240.563    0.254 DEV->PC ACK        4237145153 1893637221       0    64
   178    241.672    1.109 DEV->PC ACK|PSH    4237145153 1893637221     124   178
   179    241.774    0.102 PC->DEV ACK|PSH    1893637221 4237145277      48   102
   180    242.017    0.243 DEV->PC ACK        4237145277 1893637269       0    64
   181    243.138    1.121 DEV->PC ACK|PSH    4237145277 1893637269     124   178
   182    243.226    0.088 PC->DEV ACK|PSH    1893637269 4237145401      48   102
   183    243.378    0.152 DEV->PC ACK        4237145401 1893637317       0    64
   184    244.591    1.213 DEV->PC ACK|PSH    4237145401 1893637317     124   178
   185    244.686    0.095 PC->DEV ACK|PSH    1893637317 4237145525      48   102
   186    244.886    0.200 DEV->PC ACK        4237145525 1893637365       0    64
   187    246.033    1.147 DEV->PC ACK|PSH    4237145525 1893637365     124   178
   188    246.119    0.086 PC->DEV ACK|PSH    1893637365 4237145649      48   102
   189    246.281    0.162 DEV->PC ACK        4237145649 1893637413       0    64
   190    247.494    1.213 DEV->PC ACK|PSH    4237145649 1893637413     124   178
   191    247.942    0.448 PC->DEV ACK|PSH    1893637413 4237145773      48   102
   192    248.184    0.242 DEV->PC ACK        4237145773 1893637461       0    64
   193    249.476    1.292 DEV->PC ACK|PSH    4237145773 1893637461     124   178
   194    249.587    0.111 PC->DEV ACK|PSH    1893637461 4237145897      48   102
   195    249.788    0.201 DEV->PC ACK        4237145897 1893637509       0    64
   196    250.981    1.193 DEV->PC ACK|PSH    4237145897 1893637509     124   178
   197    251.087    0.106 PC->DEV ACK|PSH    1893637509 4237146021      48   102
   198    251.289    0.202 DEV->PC ACK        4237146021 1893637557       0    64
   199    252.440    1.151 DEV->PC ACK|PSH    4237146021 1893637557     124   178
   200    252.529    0.089 PC->DEV ACK|PSH    1893637557 4237146145      48   102
   201    252.686    0.157 DEV->PC ACK        4237146145 1893637605       0    64
   202    253.900    1.214 DEV->PC ACK|PSH    4237146145 1893637605     124   178
   203    254.049    0.149 PC->DEV ACK|PSH    1893637605 4237146269      48   102
   204    254.336    0.287 DEV->PC ACK        4237146269 1893637653       0    64
   205    255.465    1.129 DEV->PC ACK|PSH    4237146269 1893637653     124   178
   206    255.616    0.151 PC->DEV ACK|PSH    1893637653 4237146393      48   102
   207    255.804    0.188 DEV->PC ACK        4237146393 1893637701       0    64
   208    257.016    1.212 DEV->PC ACK|PSH    4237146393 1893637701     124   178
   209    257.116    0.100 PC->DEV ACK|PSH    1893637701 4237146517      48   102
   210    257.341    0.225 DEV->PC ACK        4237146517 1893637749       0    64
   211    258.574    1.233 DEV->PC ACK|PSH    4237146517 1893637749     124   178
   212    258.721    0.147 PC->DEV ACK|PSH    1893637749 4237146641      40    94
   213    258.880    0.159 DEV->PC ACK        4237146641 1893637789       0    64
   214    260.086    1.206 DEV->PC ACK|PSH    4237146641 1893637789      52   106
   215    260.211    0.125 PC->DEV ACK|PSH    1893637789 4237146693      48   102
   216    260.498    0.287 DEV->PC ACK        4237146693 1893637837       0    64
   217    261.647    1.149 DEV->PC ACK|PSH    4237146693 1893637837      44    98
   218    261.758    0.111 PC->DEV ACK|PSH    1893637837 4237146737      48   102
   219    261.913    0.155 DEV->PC ACK        4237146737 1893637885       0    64
   220    263.100    1.187 DEV->PC ACK|PSH    4237146737 1893637885      44    98
   221    263.321    0.221 PC->DEV ACK|PSH    1893637885 4237146781      48   102
   222    263.561    0.240 DEV->PC ACK        4237146781 1893637933       0    64
   223    264.662    1.101 DEV->PC ACK|PSH    4237146781 1893637933      44    98
   224    264.756    0.094 PC->DEV ACK|PSH    1893637933 4237146825      48   102
   225    264.978    0.222 DEV->PC ACK        4237146825 1893637981       0    64
   226    266.179    1.201 DEV->PC ACK|PSH    4237146825 1893637981      44    98
   227    266.313    0.134 PC->DEV ACK|PSH    1893637981 4237146869      48   102
   228    266.464    0.151 DEV->PC ACK        4237146869 1893638029       0    64
   229    267.610    1.146 DEV->PC ACK|PSH    4237146869 1893638029      40    94
   230    267.952    0.342 PC->DEV ACK|PSH    1893638029 4237146909      48   102
   231    268.203    0.251 DEV->PC ACK        4237146909 1893638077       0    64
   232    269.398    1.195 DEV->PC ACK|PSH    4237146909 1893638077      36    90
   233    269.491    0.093 PC->DEV ACK|PSH    1893638077 4237146945       0  4070
   234    272.200    2.709 DEV->PC ACK        4237146945 1893642093       0    64
   235    277.249    5.049 DEV->PC ACK|PSH    4237146945 1893642093      32    86
   236    277.483    0.234 PC->DEV ACK|PSH    1893642093 4237146977      32    86
   237    277.713    0.230 DEV->PC ACK        4237146977 1893642125       0    64
   238    278.993    1.280 DEV->PC ACK|PSH    4237146977 1893642125      32    86
   239    279.231    0.238 PC->DEV ACK|PSH    1893642125 4237147009      32    86
   240    279.377    0.146 DEV->PC ACK        4237147009 1893642157       0    64
   241    280.800    1.423 DEV->PC ACK|PSH    4237147009 1893642157      32    86
   242    329.244   48.444 PC->DEV ACK        1893642157 4237147041       0    54
   243   5295.562 4966.318 PC->DEV ACK        1893642156 4237147041       1    55
   244   5295.746    0.184 DEV->PC ACK        4237147041 1893642157       0    64
   245  10223.459 4927.713 DEV->PC ACK        4237147040 1893642157       0    64
   246  10223.574    0.115 PC->DEV ACK        1893642157 4237147041       0    54
   247  10305.086   81.512 PC->DEV ACK        1893642156 4237147041       1    55
   248  10305.425    0.339 DEV->PC ACK        4237147041 1893642157       0    64
   249  15223.478 4918.053 DEV->PC ACK        4237147040 1893642157       0    64
   250  15223.634    0.156 PC->DEV ACK        1893642157 4237147041       0    54
   251  15314.872   91.238 PC->DEV ACK        1893642156 4237147041       1    55
   252  15315.170    0.298 DEV->PC ACK        4237147041 1893642157       0    64
   253  20223.546 4908.376 DEV->PC ACK        4237147040 1893642157       0    64
   254  20223.605    0.059 PC->DEV ACK        1893642157 4237147041       0    54
   255  20318.277   94.672 PC->DEV ACK        1893642156 4237147041       1    55
   256  20318.629    0.352 DEV->PC ACK        4237147041 1893642157       0    64
   257  25223.507 4904.878 DEV->PC ACK        4237147040 1893642157       0    64
   258  25223.558    0.051 PC->DEV ACK        1893642157 4237147041       0    54
   259  25331.040  107.482 PC->DEV ACK        1893642156 4237147041       1    55
   260  25331.324    0.284 DEV->PC ACK        4237147041 1893642157       0    64
   261  30323.501 4992.177 DEV->PC ACK        4237147040 1893642157       0    64
   262  30323.627    0.126 PC->DEV ACK        1893642157 4237147041       0    54
   263  30334.719   11.092 PC->DEV ACK        1893642156 4237147041       1    55
   264  30335.063    0.344 DEV->PC ACK        4237147041 1893642157       0    64
   265  34283.156 3948.093 PC->DEV ACK|FIN    1893642157 4237147041       0    54
   266  34283.341    0.185 DEV->PC ACK        4237147041 1893642158       0    64
   267  34283.633    0.292 DEV->PC ACK|FIN    4237147041 1893642158       0    64
   268  34283.638    0.005 PC->DEV ACK        1893642158 4237147042       0    54
   269  34283.707    0.069 PC->DEV SYN        2344489272          0       0    66
   270  34284.360    0.653 DEV->PC ACK|SYN    4259154432 2344489273       0    64
   271  34284.373    0.013 PC->DEV ACK        2344489273 4259154433       0    54
   272  34284.422    0.049 PC->DEV ACK|PSH    2344489273 4259154433      32    86
   273  34284.618    0.196 DEV->PC ACK        4259154433 2344489305       0    64
   274  34385.056  100.438 DEV->PC ACK|PSH    4259154433 2344489305      40    94
   275  34416.771   31.715 PC->DEV ACK|PSH    2344489305 4259154473      32    86
   276  34417.034    0.263 DEV->PC ACK        4259154473 2344489337       0    64
   277  34418.206    1.172 DEV->PC ACK|PSH    4259154473 2344489337      40    94
   278  34462.891   44.685 PC->DEV ACK        2344489337 4259154513       0    54
   279  35933.128 1470.237 PC->DEV ACK|PSH    2344489337 4259154513      32    86
   280  35933.401    0.273 DEV->PC ACK        4259154513 2344489369       0    64
   281  35934.646    1.245 DEV->PC ACK|PSH    4259154513 2344489369      40    94
   282  35976.544   41.898 PC->DEV ACK        2344489369 4259154553       0    54
   283  37001.360 1024.816 PC->DEV ACK|PSH    2344489369 4259154553      32    86
   284  37001.628    0.268 DEV->PC ACK        4259154553 2344489401       0    64
   285  37003.136    1.508 DEV->PC ACK|PSH    4259154553 2344489401     116   170
   286  37046.707   43.571 PC->DEV ACK        2344489401 4259154669       0    54
   287  37152.959  106.252 DEV->PC ACK        4259154669 2344489401    1460  1514
   288  37153.073    0.114 DEV->PC ACK        4259156129 2344489401    1460  1514
   289  37153.094    0.021 PC->DEV ACK        2344489401 4259157589       0    54
   290  37153.151    0.057 DEV->PC ACK|PSH    4259157589 2344489401    1220  1274
   291  37200.467   47.316 PC->DEV ACK        2344489401 4259158809       0    54
   292  37302.841  102.374 DEV->PC ACK        4259158809 2344489401    1460  1514
   293  37302.949    0.108 DEV->PC ACK        4259160269 2344489401    1460  1514
   294  37302.970    0.021 PC->DEV ACK        2344489401 4259161729       0    54
   295  37303.027    0.057 DEV->PC ACK|PSH    4259161729 2344489401    1220  1274
   296  37353.575   50.548 PC->DEV ACK        2344489401 4259162949       0    54
   297  37452.832   99.257 DEV->PC ACK        4259162949 2344489401    1460  1514
   298  37452.938    0.106 DEV->PC ACK        4259164409 2344489401    1460  1514
   299  37452.953    0.015 PC->DEV ACK        2344489401 4259165869       0    54
   300  37453.001    0.048 DEV->PC ACK|PSH    4259165869 2344489401    1220  1274
   301  37492.455   39.454 PC->DEV ACK        2344489401 4259167089       0    54
   302  37602.866  110.411 DEV->PC ACK        4259167089 2344489401    1460  1514
   303  37602.978    0.112 DEV->PC ACK        4259168549 2344489401    1460  1514
   304  37602.989    0.011 PC->DEV ACK        2344489401 4259170009       0    54
   305  37603.043    0.054 DEV->PC ACK|PSH    4259170009 2344489401    1220  1274
   306  37648.572   45.529 PC->DEV ACK        2344489401 4259171229       0    54
   307  37686.321   37.749 DEV->PC ACK|PSH    4259171229 2344489401      84   138
   308  37740.765   54.444 PC->DEV ACK        2344489401 4259171313       0    54
   309  37752.851   12.086 DEV->PC ACK        4259171313 2344489401    1460  1514
   310  37753.205    0.354 DEV->PC ACK        4259172773 2344489401    1460  1514
   311  37753.207    0.002 DEV->PC ACK|PSH    4259174233 2344489401    1220  1274
   312  37753.457    0.250 PC->DEV ACK        2344489401 4259175453       0    54
   313  37902.795  149.338 DEV->PC ACK        4259175453 2344489401    1460  1514
   314  37902.958    0.163 DEV->PC ACK        4259176913 2344489401    1460  1514
   315  37903.047    0.089 PC->DEV ACK        2344489401 4259178373       0    54
   316  37903.102    0.055 DEV->PC ACK|PSH    4259178373 2344489401    1220  1274
   317  37955.538   52.436 PC->DEV ACK        2344489401 4259179593       0    54
   318  38002.560   47.022 DEV->PC ACK|PSH    4259179593 2344489401      84   138
   319  38048.781   46.221 PC->DEV ACK        2344489401 4259179677       0    54
   320  38052.850    4.069 DEV->PC ACK        4259179677 2344489401    1460  1514
   321  38053.074    0.224 DEV->PC ACK        4259181137 2344489401    1460  1514
   322  38053.075    0.001 DEV->PC ACK|PSH    4259182597 2344489401    1220  1274
   323  38053.206    0.131 PC->DEV ACK        2344489401 4259183817       0    54
   324  38202.837  149.631 DEV->PC ACK        4259183817 2344489401    1460  1514
   325  38202.945    0.108 DEV->PC ACK        4259185277 2344489401    1460  1514
   326  38202.959    0.014 PC->DEV ACK        2344489401 4259186737       0    54
   327  38203.008    0.049 DEV->PC ACK|PSH    4259186737 2344489401    1220  1274
   328  38250.343   47.335 PC->DEV ACK        2344489401 4259187957       0    54
   329  38352.823  102.480 DEV->PC ACK        4259187957 2344489401    1460  1514
   330  38352.932    0.109 DEV->PC ACK        4259189417 2344489401    1460  1514
   331  38352.947    0.015 PC->DEV ACK        2344489401 4259190877       0    54
   332  38352.993    0.046 DEV->PC ACK|PSH    4259190877 2344489401    1220  1274
   333  38404.130   51.137 PC->DEV ACK        2344489401 4259192097       0    54
   334  38502.816   98.686 DEV->PC ACK        4259192097 2344489401    1460  1514
   335  38502.921    0.105 DEV->PC ACK        4259193557 2344489401    1460  1514
   336  38502.966    0.045 PC->DEV ACK        2344489401 4259195017       0    54
   337  38503.011    0.045 DEV->PC ACK|PSH    4259195017 2344489401    1220  1274
   338  38558.033   55.022 PC->DEV ACK        2344489401 4259196237       0    54
   339  38652.842   94.809 DEV->PC ACK        4259196237 2344489401    1460  1514
   340  38653.043    0.201 DEV->PC ACK        4259197697 2344489401    1460  1514
   341  38653.044    0.001 DEV->PC ACK|PSH    4259199157 2344489401    1220  1274
   342  38653.200    0.156 PC->DEV ACK        2344489401 4259200377       0    54
   343  38687.205   34.005 DEV->PC ACK|PSH    4259200377 2344489401      84   138
   344  38688.264    1.059 PC->DEV ACK        2344489401 4259200461       0    54
   345  38802.812  114.548 DEV->PC ACK        4259200461 2344489401    1460  1514
   346  38802.920    0.108 DEV->PC ACK        4259201921 2344489401    1460  1514
   347  38802.933    0.013 PC->DEV ACK        2344489401 4259203381       0    54
   348  38802.983    0.050 DEV->PC ACK|PSH    4259203381 2344489401    1220  1274
   349  38853.448   50.465 PC->DEV ACK        2344489401 4259204601       0    54
   350  38952.823   99.375 DEV->PC ACK        4259204601 2344489401    1460  1514
   351  38952.928    0.105 DEV->PC ACK        4259206061 2344489401    1460  1514
   352  38952.942    0.014 PC->DEV ACK        2344489401 4259207521       0    54
   353  38953.000    0.058 DEV->PC ACK|PSH    4259207521 2344489401    1220  1274
   354  39002.537   49.537 DEV->PC ACK|PSH    4259208741 2344489401      84   138
   355  39002.745    0.208 PC->DEV ACK        2344489401 4259208825       0    54
   356  39102.808  100.063 DEV->PC ACK        4259208825 2344489401    1460  1514
   357  39103.011    0.203 DEV->PC ACK        4259210285 2344489401    1460  1514
   358  39103.012    0.001 DEV->PC ACK|PSH    4259211745 2344489401    1220  1274
   359  39103.178    0.166 PC->DEV ACK        2344489401 4259212965       0    54
   360  39252.775  149.597 DEV->PC ACK        4259212965 2344489401    1460  1514
   361  39252.867    0.092 DEV->PC ACK        4259214425 2344489401    1460  1514
   362  39252.882    0.015 PC->DEV ACK        2344489401 4259215885       0    54
   363  39253.048    0.166 DEV->PC ACK|PSH    4259215885 2344489401    1220  1274
   364  39303.996   50.948 PC->DEV ACK        2344489401 4259217105       0    54
   365  39402.798   98.802 DEV->PC ACK        4259217105 2344489401    1460  1514
   366  39403.005    0.207 DEV->PC ACK        4259218565 2344489401    1460  1514
   367  39403.006    0.001 DEV->PC ACK|PSH    4259220025 2344489401    1220  1274
   368  39403.191    0.185 PC->DEV ACK        2344489401 4259221245       0    54
   369  39552.807  149.616 DEV->PC ACK        4259221245 2344489401    1460  1514
   370  39552.918    0.111 DEV->PC ACK        4259222705 2344489401    1460  1514
   371  39552.935    0.017 PC->DEV ACK        2344489401 4259224165       0    54
   372  39552.979    0.044 DEV->PC ACK|PSH    4259224165 2344489401    1220  1274
   373  39597.953   44.974 PC->DEV ACK        2344489401 4259225385       0    54
   374  39687.408   89.455 DEV->PC ACK|PSH    4259225385 2344489401      84   138
   375  39702.774   15.366 DEV->PC ACK        4259225469 2344489401    1460  1514
   376  39702.824    0.050 PC->DEV ACK        2344489401 4259226929       0    54
   377  39702.885    0.061 DEV->PC ACK        4259226929 2344489401    1460  1514
   378  39702.952    0.067 DEV->PC ACK|PSH    4259228389 2344489401    1220  1274
   379  39703.159    0.207 PC->DEV ACK        2344489401 4259229609       0    54
   380  39852.790  149.631 DEV->PC ACK        4259229609 2344489401    1460  1514
   381  39852.892    0.102 DEV->PC ACK        4259231069 2344489401    1460  1514
   382  39852.898    0.006 PC->DEV ACK        2344489401 4259232529       0    54
   383  39852.999    0.101 DEV->PC ACK|PSH    4259232529 2344489401    1220  1274
   384  39906.730   53.731 PC->DEV ACK        2344489401 4259233749       0    54
   385  40002.866   96.136 DEV->PC ACK        4259233749 2344489401    1460  1514
   386  40002.969    0.103 DEV->PC ACK        4259235209 2344489401    1460  1514
   387  40002.976    0.007 PC->DEV ACK        2344489401 4259236669       0    54
   388  40003.091    0.115 DEV->PC ACK|PSH    4259236669 2344489401    1304  1358
   389  40045.028   41.937 PC->DEV ACK        2344489401 4259237973       0    54
   390  40152.814  107.786 DEV->PC ACK        4259237973 2344489401    1460  1514
   391  40152.922    0.108 DEV->PC ACK        4259239433 2344489401    1460  1514
   392  40152.937    0.015 PC->DEV ACK        2344489401 4259240893       0    54
   393  40152.983    0.046 DEV->PC ACK|PSH    4259240893 2344489401    1220  1274
   394  40199.467   46.484 PC->DEV ACK        2344489401 4259242113       0    54
   395  40302.795  103.328 DEV->PC ACK        4259242113 2344489401    1460  1514
   396  40302.900    0.105 DEV->PC ACK        4259243573 2344489401    1460  1514
   397  40302.916    0.016 PC->DEV ACK        2344489401 4259245033       0    54
   398  40302.962    0.046 DEV->PC ACK|PSH    4259245033 2344489401    1220  1274
   399  40353.784   50.822 PC->DEV ACK        2344489401 4259246253       0    54
   400  40452.799   99.015 DEV->PC ACK        4259246253 2344489401    1460  1514
   401  40452.895    0.096 DEV->PC ACK        4259247713 2344489401    1460  1514
   402  40452.901    0.006 PC->DEV ACK        2344489401 4259249173       0    54
   403  40452.967    0.066 DEV->PC ACK|PSH    4259249173 2344489401    1220  1274
   404  40508.177   55.210 PC->DEV ACK        2344489401 4259250393       0    54
   405  40602.804   94.627 DEV->PC ACK        4259250393 2344489401    1460  1514
   406  40603.023    0.219 DEV->PC ACK        4259251853 2344489401    1460  1514
   407  40603.024    0.001 DEV->PC ACK|PSH    4259253313 2344489401    1220  1274
   408  40603.206    0.182 PC->DEV ACK        2344489401 4259254533       0    54
   409  40687.461   84.255 DEV->PC ACK|PSH    4259254533 2344489401      84   138
   410  40740.902   53.441 PC->DEV ACK        2344489401 4259254617       0    54
   411  40752.863   11.961 DEV->PC ACK        4259254617 2344489401    1460  1514
   412  40753.006    0.143 DEV->PC ACK        4259256077 2344489401    1460  1514
   413  40753.006    0.000 DEV->PC ACK|PSH    4259257537 2344489401    1220  1274
   414  40753.181    0.175 PC->DEV ACK        2344489401 4259258757       0    54
   415  40902.752  149.571 DEV->PC ACK        4259258757 2344489401    1460  1514
   416  40902.858    0.106 DEV->PC ACK        4259260217 2344489401    1460  1514
   417  40902.873    0.015 PC->DEV ACK        2344489401 4259261677       0    54
   418  40902.919    0.046 DEV->PC ACK|PSH    4259261677 2344489401    1220  1274
   419  40956.894   53.975 PC->DEV ACK        2344489401 4259262897       0    54
   420  41002.644   45.750 DEV->PC ACK|PSH    4259262897 2344489401      84   138
   421  41049.133   46.489 PC->DEV ACK        2344489401 4259262981       0    54
   422  41052.752    3.619 DEV->PC ACK        4259262981 2344489401    1460  1514
   423  41052.840    0.088 DEV->PC ACK        4259264441 2344489401    1460  1514
   424  41052.886    0.046 PC->DEV ACK        2344489401 4259265901       0    54
   425  41052.951    0.065 DEV->PC ACK|PSH    4259265901 2344489401    1220  1274
   426  41095.193   42.242 PC->DEV ACK        2344489401 4259267121       0    54
   427  41202.766  107.573 DEV->PC ACK        4259267121 2344489401    1460  1514
   428  41202.860    0.094 DEV->PC ACK        4259268581 2344489401    1460  1514
   429  41202.876    0.016 PC->DEV ACK        2344489401 4259270041       0    54
   430  41203.023    0.147 DEV->PC ACK|PSH    4259270041 2344489401    1220  1274
   431  41247.785   44.762 PC->DEV ACK        2344489401 4259271261       0    54
   432  41352.788  105.003 DEV->PC ACK        4259271261 2344489401    1460  1514
   433  41352.895    0.107 DEV->PC ACK        4259272721 2344489401    1460  1514
   434  41352.910    0.015 PC->DEV ACK        2344489401 4259274181       0    54
   435  41352.955    0.045 DEV->PC ACK|PSH    4259274181 2344489401    1220  1274
   436  41403.063   50.108 PC->DEV ACK        2344489401 4259275401       0    54
   437  41502.754   99.691 DEV->PC ACK        4259275401 2344489401    1460  1514
   438  41502.862    0.108 DEV->PC ACK        4259276861 2344489401    1460  1514
   439  41502.878    0.016 PC->DEV ACK        2344489401 4259278321       0    54
   440  41502.924    0.046 DEV->PC ACK|PSH    4259278321 2344489401    1220  1274
   441  41542.680   39.756 PC->DEV ACK        2344489401 4259279541       0    54
   442  41652.770  110.090 DEV->PC ACK        4259279541 2344489401    1460  1514
   443  41652.873    0.103 DEV->PC ACK        4259281001 2344489401    1460  1514
   444  41652.882    0.009 PC->DEV ACK        2344489401 4259282461       0    54
   445  41652.946    0.064 DEV->PC ACK|PSH    4259282461 2344489401    1220  1274
   446  41686.677   33.731 DEV->PC ACK|PSH    4259283681 2344489401      84   138
   447  41687.815    1.138 PC->DEV ACK        2344489401 4259283765       0    54
   448  41802.740  114.925 DEV->PC ACK        4259283765 2344489401    1460  1514
   449  41802.842    0.102 DEV->PC ACK        4259285225 2344489401    1460  1514
   450  41802.858    0.016 PC->DEV ACK        2344489401 4259286685       0    54
   451  41802.904    0.046 DEV->PC ACK|PSH    4259286685 2344489401    1220  1274
   452  41851.706   48.802 PC->DEV ACK        2344489401 4259287905       0    54
   453  41952.755  101.049 DEV->PC ACK        4259287905 2344489401    1460  1514
   454  41952.868    0.113 DEV->PC ACK        4259289365 2344489401    1460  1514
   455  41952.886    0.018 PC->DEV ACK        2344489401 4259290825       0    54
   456  41952.945    0.059 DEV->PC ACK|PSH    4259290825 2344489401    1220  1274
   457  42002.557   49.612 DEV->PC ACK|PSH    4259292045 2344489401      84   138
   458  42002.754    0.197 PC->DEV ACK        2344489401 4259292129       0    54
   459  42102.749   99.995 DEV->PC ACK        4259292129 2344489401    1460  1514
   460  42102.856    0.107 DEV->PC ACK        4259293589 2344489401    1460  1514
   461  42102.871    0.015 PC->DEV ACK        2344489401 4259295049       0    54
   462  42102.917    0.046 DEV->PC ACK|PSH    4259295049 2344489401    1220  1274
   463  42145.809   42.892 PC->DEV ACK        2344489401 4259296269       0    54
   464  42252.760  106.951 DEV->PC ACK        4259296269 2344489401    1460  1514
   465  42252.859    0.099 DEV->PC ACK        4259297729 2344489401    1460  1514
   466  42252.865    0.006 PC->DEV ACK        2344489401 4259299189       0    54
   467  42252.923    0.058 DEV->PC ACK|PSH    4259299189 2344489401    1220  1274
   468  42300.802   47.879 PC->DEV ACK        2344489401 4259300409       0    54
   469  42402.777  101.975 DEV->PC ACK        4259300409 2344489401    1460  1514
   470  42402.886    0.109 DEV->PC ACK        4259301869 2344489401    1460  1514
   471  42402.903    0.017 PC->DEV ACK        2344489401 4259303329       0    54
   472  42402.947    0.044 DEV->PC ACK|PSH    4259303329 2344489401    1220  1274
   473  42454.222   51.275 PC->DEV ACK        2344489401 4259304549       0    54
   474  42552.759   98.537 DEV->PC ACK        4259304549 2344489401    1460  1514
   475  42552.862    0.103 DEV->PC ACK        4259306009 2344489401    1460  1514
   476  42552.878    0.016 PC->DEV ACK        2344489401 4259307469       0    54
   477  42552.941    0.063 DEV->PC ACK|PSH    4259307469 2344489401    1220  1274
   478  42595.292   42.351 PC->DEV ACK        2344489401 4259308689       0    54
   479  42686.803   91.511 DEV->PC ACK|PSH    4259308689 2344489401      84   138
   480  42702.715   15.912 DEV->PC ACK        4259308773 2344489401    1460  1514
   481  42702.761    0.046 PC->DEV ACK        2344489401 4259310233       0    54
   482  42702.822    0.061 DEV->PC ACK        4259310233 2344489401    1460  1514
   483  42702.898    0.076 DEV->PC ACK|PSH    4259311693 2344489401    1220  1274
   484  42703.053    0.155 PC->DEV ACK        2344489401 4259312913       0    54
   485  42852.754  149.701 DEV->PC ACK        4259312913 2344489401    1460  1514
   486  42852.950    0.196 DEV->PC ACK        4259314373 2344489401    1460  1514
   487  42852.951    0.001 DEV->PC ACK|PSH    4259315833 2344489401    1220  1274
   488  42853.119    0.168 PC->DEV ACK        2344489401 4259317053       0    54
   489  43002.794  149.675 DEV->PC ACK        4259317053 2344489401    1460  1514
   490  43002.899    0.105 DEV->PC ACK        4259318513 2344489401    1460  1514
   491  43002.915    0.016 PC->DEV ACK        2344489401 4259319973       0    54
   492  43002.962    0.047 DEV->PC ACK|PSH    4259319973 2344489401    1220  1274
   493  43002.963    0.001 DEV->PC ACK|PSH    4259321193 2344489401      84   138
   494  43003.187    0.224 PC->DEV ACK        2344489401 4259321277       0    54
   495  43152.762  149.575 DEV->PC ACK        4259321277 2344489401    1460  1514
   496  43152.851    0.089 DEV->PC ACK        4259322737 2344489401    1460  1514
   497  43152.867    0.016 PC->DEV ACK        2344489401 4259324197       0    54
   498  43152.919    0.052 DEV->PC ACK|PSH    4259324197 2344489401    1220  1274
   499  43198.881   45.962 PC->DEV ACK        2344489401 4259325417       0    54
   500  43302.721  103.840 DEV->PC ACK        4259325417 2344489401    1460  1514
   501  43302.826    0.105 DEV->PC ACK        4259326877 2344489401    1460  1514
   502  43302.834    0.008 PC->DEV ACK        2344489401 4259328337       0    54
   503  43302.891    0.057 DEV->PC ACK|PSH    4259328337 2344489401    1220  1274
   504  43353.502   50.611 PC->DEV ACK        2344489401 4259329557       0    54
   505  43452.735   99.233 DEV->PC ACK        4259329557 2344489401    1460  1514
   506  43452.844    0.109 DEV->PC ACK        4259331017 2344489401    1460  1514
   507  43452.861    0.017 PC->DEV ACK        2344489401 4259332477       0    54
   508  43452.906    0.045 DEV->PC ACK|PSH    4259332477 2344489401    1220  1274
   509  43507.501   54.595 PC->DEV ACK        2344489401 4259333697       0    54
   510  43602.761   95.260 DEV->PC ACK        4259333697 2344489401    1460  1514
   511  43602.867    0.106 DEV->PC ACK        4259335157 2344489401    1460  1514
   512  43602.882    0.015 PC->DEV ACK        2344489401 4259336617       0    54
   513  43602.928    0.046 DEV->PC ACK|PSH    4259336617 2344489401    1220  1274
   514  43645.638   42.710 PC->DEV ACK        2344489401 4259337837       0    54
   515  43687.830   42.192 DEV->PC ACK|PSH    4259337837 2344489401      84   138
   516  43740.050   52.220 PC->DEV ACK        2344489401 4259337921       0    54
   517  43752.728   12.678 DEV->PC ACK        4259337921 2344489401    1460  1514
   518  43752.826    0.098 DEV->PC ACK        4259339381 2344489401    1460  1514
   519  43752.832    0.006 PC->DEV ACK        2344489401 4259340841       0    54
   520  43752.898    0.066 DEV->PC ACK|PSH    4259340841 2344489401    1220  1274
   521  43801.506   48.608 PC->DEV ACK        2344489401 4259342061       0    54
   522  43902.738  101.232 DEV->PC ACK        4259342061 2344489401    1460  1514
   523  43902.824    0.086 DEV->PC ACK        4259343521 2344489401    1460  1514
   524  43902.833    0.009 PC->DEV ACK        2344489401 4259344981       0    54
   525  43902.883    0.050 DEV->PC ACK|PSH    4259344981 2344489401    1220  1274
   526  43956.621   53.738 PC->DEV ACK        2344489401 4259346201       0    54
   527  44002.580   45.959 DEV->PC ACK|PSH    4259346201 2344489401      84   138
   528  44048.959   46.379 PC->DEV ACK        2344489401 4259346285       0    54
   529  44052.705    3.746 DEV->PC ACK        4259346285 2344489401    1460  1514
   530  44052.811    0.106 DEV->PC ACK        4259347745 2344489401    1460  1514
   531  44052.826    0.015 PC->DEV ACK        2344489401 4259349205       0    54
   532  44052.872    0.046 DEV->PC ACK|PSH    4259349205 2344489401    1220  1274
   533  44095.581   42.709 PC->DEV ACK        2344489401 4259350425       0    54
   534  44202.726  107.145 DEV->PC ACK        4259350425 2344489401    1460  1514
   535  44202.833    0.107 DEV->PC ACK        4259351885 2344489401    1460  1514
   536  44202.836    0.003 PC->DEV ACK        2344489401 4259353345       0    54
   537  44202.897    0.061 DEV->PC ACK|PSH    4259353345 2344489401    1220  1274
   538  44250.471   47.574 PC->DEV ACK        2344489401 4259354565       0    54
   539  44352.723  102.252 DEV->PC ACK        4259354565 2344489401    1460  1514
   540  44352.830    0.107 DEV->PC ACK        4259356025 2344489401    1460  1514
   541  44352.845    0.015 PC->DEV ACK        2344489401 4259357485       0    54
   542  44352.890    0.045 DEV->PC ACK|PSH    4259357485 2344489401    1220  1274
   543  44403.857   50.967 PC->DEV ACK        2344489401 4259358705       0    54
   544  44502.726   98.869 DEV->PC ACK        4259358705 2344489401    1460  1514
   545  44502.839    0.113 DEV->PC ACK        4259360165 2344489401    1460  1514
   546  44502.849    0.010 PC->DEV ACK        2344489401 4259361625       0    54
   547  44502.902    0.053 DEV->PC ACK|PSH    4259361625 2344489401    1220  1274
   548  44542.557   39.655 PC->DEV ACK        2344489401 4259362845       0    54
   549  44652.741  110.184 DEV->PC ACK        4259362845 2344489401    1460  1514
   550  44652.844    0.103 DEV->PC ACK        4259364305 2344489401    1460  1514
   551  44652.859    0.015 PC->DEV ACK        2344489401 4259365765       0    54
   552  44652.906    0.047 DEV->PC ACK|PSH    4259365765 2344489401    1220  1274
   553  44687.037   34.131 DEV->PC ACK|PSH    4259366985 2344489401      84   138
   554  44687.818    0.781 PC->DEV ACK        2344489401 4259367069       0    54
   555  44802.712  114.894 DEV->PC ACK        4259367069 2344489401    1460  1514
   556  44802.817    0.105 DEV->PC ACK        4259368529 2344489401    1460  1514
   557  44802.833    0.016 PC->DEV ACK        2344489401 4259369989       0    54
   558  44802.880    0.047 DEV->PC ACK|PSH    4259369989 2344489401    1220  1274
   559  44851.235   48.355 PC->DEV ACK        2344489401 4259371209       0    54
   560  44952.717  101.482 DEV->PC ACK        4259371209 2344489401    1460  1514
   561  44952.822    0.105 DEV->PC ACK        4259372669 2344489401    1460  1514
   562  44952.842    0.020 PC->DEV ACK        2344489401 4259374129       0    54
   563  44952.886    0.044 DEV->PC ACK|PSH    4259374129 2344489401    1220  1274
   564  45002.561   49.675 DEV->PC ACK|PSH    4259375349 2344489401      84   138
   565  45002.808    0.247 PC->DEV ACK        2344489401 4259375433       0    54
   566  45102.716   99.908 DEV->PC ACK        4259375433 2344489401    1460  1514
   567  45102.823    0.107 DEV->PC ACK        4259376893 2344489401    1460  1514
   568  45102.834    0.011 PC->DEV ACK        2344489401 4259378353       0    54
   569  45102.885    0.051 DEV->PC ACK|PSH    4259378353 2344489401    1220  1274
   570  45144.342   41.457 PC->DEV ACK        2344489401 4259379573       0    54
   571  45252.707  108.365 DEV->PC ACK        4259379573 2344489401    1460  1514
   572  45252.810    0.103 DEV->PC ACK        4259381033 2344489401    1460  1514
   573  45252.826    0.016 PC->DEV ACK        2344489401 4259382493       0    54
   574  45252.871    0.045 DEV->PC ACK|PSH    4259382493 2344489401    1220  1274
   575  45297.812   44.941 PC->DEV ACK        2344489401 4259383713       0    54
   576  45402.715  104.903 DEV->PC ACK        4259383713 2344489401    1460  1514
   577  45402.834    0.119 DEV->PC ACK        4259385173 2344489401    1460  1514
   578  45402.848    0.014 PC->DEV ACK        2344489401 4259386633       0    54
   579  45402.902    0.054 DEV->PC ACK|PSH    4259386633 2344489401    1220  1274
   580  45453.128   50.226 PC->DEV ACK        2344489401 4259387853       0    54
   581  45552.668   99.540 DEV->PC ACK        4259387853 2344489401    1460  1514
   582  45552.793    0.125 DEV->PC ACK        4259389313 2344489401    1460  1514
   583  45552.809    0.016 PC->DEV ACK        2344489401 4259390773       0    54
   584  45552.872    0.063 DEV->PC ACK|PSH    4259390773 2344489401    1220  1274
   585  45593.609   40.737 PC->DEV ACK        2344489401 4259391993       0    54
   586  45687.309   93.700 DEV->PC ACK|PSH    4259391993 2344489401      84   138
   587  45702.673   15.364 DEV->PC ACK        4259392077 2344489401    1460  1514
   588  45702.689    0.016 PC->DEV ACK        2344489401 4259393537       0    54
   589  45702.769    0.080 DEV->PC ACK        4259393537 2344489401    1460  1514
   590  45702.876    0.107 DEV->PC ACK|PSH    4259394997 2344489401    1220  1274
   591  45703.014    0.138 PC->DEV ACK        2344489401 4259396217       0    54
   592  45852.678  149.664 DEV->PC ACK        4259396217 2344489401    1460  1514
   593  45852.771    0.093 DEV->PC ACK        4259397677 2344489401    1460  1514
   594  45852.784    0.013 PC->DEV ACK        2344489401 4259399137       0    54
   595  45852.947    0.163 DEV->PC ACK|PSH    4259399137 2344489401    1220  1274
   596  45901.763   48.816 PC->DEV ACK        2344489401 4259400357       0    54
   597  46002.755  100.992 DEV->PC ACK        4259400357 2344489401    1460  1514
   598  46002.862    0.107 DEV->PC ACK        4259401817 2344489401    1460  1514
   599  46002.878    0.016 PC->DEV ACK        2344489401 4259403277       0    54
   600  46002.925    0.047 DEV->PC ACK|PSH    4259403277 2344489401    1220  1274
   601  46002.926    0.001 DEV->PC ACK|PSH    4259404497 2344489401      84   138
   602  46003.135    0.209 PC->DEV ACK        2344489401 4259404581       0    54
   603  46152.683  149.548 DEV->PC ACK        4259404581 2344489401    1460  1514
   604  46152.790    0.107 DEV->PC ACK        4259406041 2344489401    1460  1514
   605  46152.806    0.016 PC->DEV ACK        2344489401 4259407501       0    54
   606  46152.869    0.063 DEV->PC ACK|PSH    4259407501 2344489401    1220  1274
   607  46194.526   41.657 PC->DEV ACK        2344489401 4259408721       0    54
   608  46302.613  108.087 DEV->PC ACK        4259408721 2344489401    1460  1514
   609  46302.737    0.124 DEV->PC ACK        4259410181 2344489401    1460  1514
   610  46302.753    0.016 PC->DEV ACK        2344489401 4259411641       0    54
   611  46302.961    0.208 DEV->PC ACK|PSH    4259411641 2344489401    1220  1274
   612  46350.808   47.847 PC->DEV ACK        2344489401 4259412861       0    54
   613  46452.667  101.859 DEV->PC ACK        4259412861 2344489401    1460  1514
   614  46452.771    0.104 DEV->PC ACK        4259414321 2344489401    1460  1514
   615  46452.775    0.004 PC->DEV ACK        2344489401 4259415781       0    54
   616  46452.840    0.065 DEV->PC ACK|PSH    4259415781 2344489401    1220  1274
   617  46504.038   51.198 PC->DEV ACK        2344489401 4259417001       0    54
   618  46602.682   98.644 DEV->PC ACK        4259417001 2344489401    1460  1514
   619  46602.780    0.098 DEV->PC ACK        4259418461 2344489401    1460  1514
   620  46602.786    0.006 PC->DEV ACK        2344489401 4259419921       0    54
   621  46602.852    0.066 DEV->PC ACK|PSH    4259419921 2344489401    1220  1274
   622  46643.224   40.372 PC->DEV ACK        2344489401 4259421141       0    54
   623  46688.311   45.087 DEV->PC ACK|PSH    4259421141 2344489401      84   138
   624  46735.999   47.688 PC->DEV ACK        2344489401 4259421225       0    54
   625  46752.662   16.663 DEV->PC ACK        4259421225 2344489401    1460  1514
   626  46752.757    0.095 DEV->PC ACK        4259422685 2344489401    1460  1514
   627  46752.763    0.006 PC->DEV ACK        2344489401 4259424145       0    54
   628  46752.821    0.058 DEV->PC ACK|PSH    4259424145 2344489401    1220  1274
   629  46797.389   44.568 PC->DEV ACK        2344489401 4259425365       0    54
   630  46902.674  105.285 DEV->PC ACK        4259425365 2344489401    1460  1514
   631  46902.776    0.102 DEV->PC ACK        4259426825 2344489401    1460  1514
   632  46902.786    0.010 PC->DEV ACK        2344489401 4259428285       0    54
   633  46902.851    0.065 DEV->PC ACK|PSH    4259428285 2344489401    1220  1274
   634  46951.754   48.903 PC->DEV ACK        2344489401 4259429505       0    54
   635  47002.580   50.826 DEV->PC ACK|PSH    4259429505 2344489401      84   138
   636  47043.854   41.274 PC->DEV ACK        2344489401 4259429589       0    54
   637  47052.670    8.816 DEV->PC ACK        4259429589 2344489401    1460  1514
   638  47052.778    0.108 DEV->PC ACK        4259431049 2344489401    1460  1514
   639  47052.791    0.013 PC->DEV ACK        2344489401 4259432509       0    54
   640  47052.846    0.055 DEV->PC ACK|PSH    4259432509 2344489401    1220  1274
   641  47106.835   53.989 PC->DEV ACK        2344489401 4259433729       0    54
   642  47202.684   95.849 DEV->PC ACK        4259433729 2344489401    1460  1514
   643  47202.790    0.106 DEV->PC ACK        4259435189 2344489401    1460  1514
   644  47202.806    0.016 PC->DEV ACK        2344489401 4259436649       0    54
   645  47202.852    0.046 DEV->PC ACK|PSH    4259436649 2344489401    1220  1274
   646  47246.900   44.048 PC->DEV ACK        2344489401 4259437869       0    54
   647  47352.656  105.756 DEV->PC ACK        4259437869 2344489401    1460  1514
   648  47352.783    0.127 DEV->PC ACK        4259439329 2344489401    1460  1514
   649  47352.790    0.007 PC->DEV ACK        2344489401 4259440789       0    54
   650  47352.841    0.051 DEV->PC ACK|PSH    4259440789 2344489401    1220  1274
   651  47400.723   47.882 PC->DEV ACK        2344489401 4259442009       0    54
   652  47502.672  101.949 DEV->PC ACK        4259442009 2344489401    1460  1514
   653  47502.777    0.105 DEV->PC ACK        4259443469 2344489401    1460  1514
   654  47502.790    0.013 PC->DEV ACK        2344489401 4259444929       0    54
   655  47502.851    0.061 DEV->PC ACK|PSH    4259444929 2344489401    1220  1274
   656  47553.480   50.629 PC->DEV ACK        2344489401 4259446149       0    54
   657  47652.677   99.197 DEV->PC ACK        4259446149 2344489401    1460  1514
   658  47652.782    0.105 DEV->PC ACK        4259447609 2344489401    1460  1514
   659  47652.798    0.016 PC->DEV ACK        2344489401 4259449069       0    54
   660  47652.844    0.046 DEV->PC ACK|PSH    4259449069 2344489401    1220  1274
   661  47688.339   35.495 DEV->PC ACK|PSH    4259450289 2344489401      84   138
   662  47689.499    1.160 PC->DEV ACK        2344489401 4259450373       0    54
   663  47802.615  113.116 DEV->PC ACK        4259450373 2344489401    1460  1514
   664  47802.707    0.092 DEV->PC ACK        4259451833 2344489401    1460  1514
   665  47802.723    0.016 PC->DEV ACK        2344489401 4259453293       0    54
   666  47802.841    0.118 DEV->PC ACK|PSH    4259453293 2344489401    1220  1274
   667  47847.340   44.499 PC->DEV ACK        2344489401 4259454513       0    54
   668  47952.648  105.308 DEV->PC ACK        4259454513 2344489401    1460  1514
   669  47952.741    0.093 DEV->PC ACK        4259455973 2344489401    1460  1514
   670  47952.745    0.004 PC->DEV ACK        2344489401 4259457433       0    54
   671  47952.848    0.103 DEV->PC ACK|PSH    4259457433 2344489401    1220  1274
   672  48001.134   48.286 PC->DEV ACK        2344489401 4259458653       0    54
   673  48002.575    1.441 DEV->PC ACK|PSH    4259458653 2344489401      84   138
   674  48047.664   45.089 PC->DEV ACK        2344489401 4259458737       0    54
   675  48102.752   55.088 DEV->PC ACK        4259458737 2344489401    1460  1514
   676  48102.928    0.176 DEV->PC ACK        4259460197 2344489401    1460  1514
   677  48102.929    0.001 DEV->PC ACK|PSH    4259461657 2344489401    1220  1274
   678  48103.179    0.250 PC->DEV ACK        2344489401 4259462877       0    54
   679  48252.669  149.490 DEV->PC ACK        4259462877 2344489401    1460  1514
   680  48252.778    0.109 DEV->PC ACK        4259464337 2344489401    1460  1514
   681  48252.793    0.015 PC->DEV ACK        2344489401 4259465797       0    54
   682  48252.839    0.046 DEV->PC ACK|PSH    4259465797 2344489401    1220  1274
   683  48295.925   43.086 PC->DEV ACK        2344489401 4259467017       0    54
   684  48402.668  106.743 DEV->PC ACK        4259467017 2344489401    1460  1514
   685  48402.778    0.110 DEV->PC ACK        4259468477 2344489401    1460  1514
   686  48402.793    0.015 PC->DEV ACK        2344489401 4259469937       0    54
   687  48402.848    0.055 DEV->PC ACK|PSH    4259469937 2344489401    1220  1274
   688  48451.008   48.160 PC->DEV ACK        2344489401 4259471157       0    54
   689  48552.652  101.644 DEV->PC ACK        4259471157 2344489401    1460  1514
   690  48552.851    0.199 DEV->PC ACK        4259472617 2344489401    1460  1514
   691  48552.852    0.001 DEV->PC ACK|PSH    4259474077 2344489401    1220  1274
   692  48553.083    0.231 PC->DEV ACK        2344489401 4259475297       0    54
   693  48688.556  135.473 DEV->PC ACK|PSH    4259475297 2344489401      84   138
   694  48702.635   14.079 DEV->PC ACK        4259475381 2344489401    1460  1514
   695  48702.671    0.036 PC->DEV ACK        2344489401 4259476841       0    54
   696  48702.743    0.072 DEV->PC ACK        4259476841 2344489401    1460  1514
   697  48702.805    0.062 DEV->PC ACK|PSH    4259478301 2344489401    1220  1274
   698  48703.018    0.213 PC->DEV ACK        2344489401 4259479521       0    54
   699  48852.596  149.578 DEV->PC ACK        4259479521 2344489401    1460  1514
   700  48852.699    0.103 DEV->PC ACK        4259480981 2344489401    1460  1514
   701  48852.713    0.014 PC->DEV ACK        2344489401 4259482441       0    54
   702  48852.828    0.115 DEV->PC ACK|PSH    4259482441 2344489401    1220  1274
   703  48899.061   46.233 PC->DEV ACK        2344489401 4259483661       0    54
   704  49002.692  103.631 DEV->PC ACK        4259483661 2344489401    1460  1514
   705  49002.796    0.104 DEV->PC ACK        4259485121 2344489401    1460  1514
   706  49002.812    0.016 PC->DEV ACK        2344489401 4259486581       0    54
   707  49002.858    0.046 DEV->PC ACK|PSH    4259486581 2344489401    1220  1274
   708  49002.859    0.001 DEV->PC ACK|PSH    4259487801 2344489401      84   138
   709  49003.069    0.210 PC->DEV ACK        2344489401 4259487885       0    54
   710  49152.629  149.560 DEV->PC ACK        4259487885 2344489401    1460  1514
   711  49152.738    0.109 DEV->PC ACK        4259489345 2344489401    1460  1514
   712  49152.751    0.013 PC->DEV ACK        2344489401 4259490805       0    54
   713  49152.801    0.050 DEV->PC ACK|PSH    4259490805 2344489401    1220  1274
   714  49207.096   54.295 PC->DEV ACK        2344489401 4259492025       0    54
   715  49302.668   95.572 DEV->PC ACK        4259492025 2344489401    1460  1514
   716  49302.772    0.104 DEV->PC ACK        4259493485 2344489401    1460  1514
   717  49302.788    0.016 PC->DEV ACK        2344489401 4259494945       0    54
   718  49302.833    0.045 DEV->PC ACK|PSH    4259494945 2344489401    1220  1274
   719  49346.792   43.959 PC->DEV ACK        2344489401 4259496165       0    54
   720  49452.645  105.853 DEV->PC ACK        4259496165 2344489401    1460  1514
   721  49452.750    0.105 DEV->PC ACK        4259497625 2344489401    1460  1514
   722  49452.765    0.015 PC->DEV ACK        2344489401 4259499085       0    54
   723  49452.810    0.045 DEV->PC ACK|PSH    4259499085 2344489401    1220  1274
   724  49501.774   48.964 PC->DEV ACK        2344489401 4259500305       0    54
   725  49602.665  100.891 DEV->PC ACK        4259500305 2344489401    1460  1514
   726  49602.762    0.097 DEV->PC ACK        4259501765 2344489401    1460  1514
   727  49602.769    0.007 PC->DEV ACK        2344489401 4259503225       0    54
   728  49602.832    0.063 DEV->PC ACK|PSH    4259503225 2344489401    1220  1274
   729  49656.778   53.946 PC->DEV ACK        2344489401 4259504445       0    54
   730  49687.655   30.877 DEV->PC ACK|PSH    4259504445 2344489401      84   138
   731  49734.227   46.572 PC->DEV ACK        2344489401 4259504529       0    54
   732  49752.619   18.392 DEV->PC ACK        4259504529 2344489401    1460  1514
   733  49752.728    0.109 DEV->PC ACK        4259505989 2344489401    1460  1514
   734  49752.751    0.023 PC->DEV ACK        2344489401 4259507449       0    54
   735  49752.813    0.062 DEV->PC ACK|PSH    4259507449 2344489401    1220  1274
   736  49796.509   43.696 PC->DEV ACK        2344489401 4259508669       0    54
   737  49902.648  106.139 DEV->PC ACK        4259508669 2344489401    1460  1514
   738  49902.740    0.092 DEV->PC ACK        4259510129 2344489401    1460  1514
   739  49902.760    0.020 PC->DEV ACK        2344489401 4259511589       0    54
   740  49902.803    0.043 DEV->PC ACK|PSH    4259511589 2344489401    1220  1274
   741  49950.798   47.995 PC->DEV ACK        2344489401 4259512809       0    54
   742  50002.591   51.793 DEV->PC ACK|PSH    4259512809 2344489401      84   138
   743  50044.108   41.517 PC->DEV ACK        2344489401 4259512893       0    54
   744  50052.614    8.506 DEV->PC ACK        4259512893 2344489401    1460  1514
   745  50052.721    0.107 DEV->PC ACK        4259514353 2344489401    1460  1514
   746  50052.737    0.016 PC->DEV ACK        2344489401 4259515813       0    54
   747  50052.783    0.046 DEV->PC ACK|PSH    4259515813 2344489401    1220  1274
   748  50105.436   52.653 PC->DEV ACK        2344489401 4259517033       0    54
   749  50202.632   97.196 DEV->PC ACK        4259517033 2344489401    1460  1514
   750  50202.729    0.097 DEV->PC ACK        4259518493 2344489401    1460  1514
   751  50202.736    0.007 PC->DEV ACK        2344489401 4259519953       0    54
   752  50202.792    0.056 DEV->PC ACK|PSH    4259519953 2344489401    1220  1274
   753  50245.419   42.627 PC->DEV ACK        2344489401 4259521173       0    54
   754  50352.597  107.178 DEV->PC ACK        4259521173 2344489401    1460  1514
   755  50352.705    0.108 DEV->PC ACK        4259522633 2344489401    1460  1514
   756  50352.719    0.014 PC->DEV ACK        2344489401 4259524093       0    54
   757  50352.774    0.055 DEV->PC ACK|PSH    4259524093 2344489401    1220  1274
   758  50400.613   47.839 PC->DEV ACK        2344489401 4259525313       0    54
   759  50502.644  102.031 DEV->PC ACK        4259525313 2344489401    1460  1514
   760  50502.752    0.108 DEV->PC ACK        4259526773 2344489401    1460  1514
   761  50502.795    0.043 PC->DEV ACK        2344489401 4259528233       0    54
   762  50502.840    0.045 DEV->PC ACK|PSH    4259528233 2344489401    1220  1274
   763  50553.935   51.095 PC->DEV ACK        2344489401 4259529453       0    54
   764  50652.638   98.703 DEV->PC ACK        4259529453 2344489401    1460  1514
   765  50652.744    0.106 DEV->PC ACK        4259530913 2344489401    1460  1514
   766  50652.760    0.016 PC->DEV ACK        2344489401 4259532373       0    54
   767  50652.806    0.046 DEV->PC ACK|PSH    4259532373 2344489401    1220  1274
   768  50688.789   35.983 DEV->PC ACK|PSH    4259533593 2344489401      84   138
   769  50690.049    1.260 PC->DEV ACK        2344489401 4259533677       0    54
   770  50802.579  112.530 DEV->PC ACK        4259533677 2344489401    1460  1514
   771  50802.667    0.088 DEV->PC ACK        4259535137 2344489401    1460  1514
   772  50802.675    0.008 PC->DEV ACK        2344489401 4259536597       0    54
   773  50802.790    0.115 DEV->PC ACK|PSH    4259536597 2344489401    1220  1274
   774  50849.446   46.656 PC->DEV ACK        2344489401 4259537817       0    54
   775  50952.598  103.152 DEV->PC ACK        4259537817 2344489401    1460  1514
   776  50952.704    0.106 DEV->PC ACK        4259539277 2344489401    1460  1514
   777  50952.708    0.004 PC->DEV ACK        2344489401 4259540737       0    54
   778  50952.774    0.066 DEV->PC ACK|PSH    4259540737 2344489401    1220  1274
   779  50953.732    0.958 PC->DEV ACK|PSH    2344489401 4259541957      32    86
   780  50954.025    0.293 DEV->PC ACK        4259541957 2344489433       0    64
   781  50955.708    1.683 DEV->PC ACK|PSH    4259541957 2344489433      32    86
   782  51003.807   48.099 PC->DEV ACK        2344489433 4259541989       0    54
   783  55923.621 4919.814 DEV->PC ACK        4259541988 2344489433       0    64
   784  55923.680    0.059 PC->DEV ACK        2344489433 4259541989       0    54
   785  55961.962   38.282 PC->DEV ACK        2344489432 4259541989       1    55
   786  55962.219    0.257 DEV->PC ACK        4259541989 2344489433       0    64
   787  60923.617 4961.398 DEV->PC ACK        4259541988 2344489433       0    64
   788  60923.670    0.053 PC->DEV ACK        2344489433 4259541989       0    54
   789  60970.788   47.118 PC->DEV ACK        2344489432 4259541989       1    55
   790  60971.064    0.276 DEV->PC ACK        4259541989 2344489433       0    64
   791  61938.906  967.842 PC->DEV ACK|FIN    2344489433 4259541989       0    54
   792  61939.246    0.340 DEV->PC ACK        4259541989 2344489434       0    64
   793  61939.542    0.296 DEV->PC ACK|FIN    4259541989 2344489434       0    64
   794  61939.629    0.087 PC->DEV ACK        2344489434 4259541990       0    54
