# MIC-185 192.168.9.155:4000; packets=472
# idx  relative    delta direction flags      seq        ack        payload wire
     1      0.000    0.000 DEV->PC ACK        3395922764 3419068070       0    64
     2      0.073    0.073 PC->DEV ACK        3419068070 3395922765       0    54
     3     65.514   65.441 PC->DEV ACK        3419068069 3395922765       1    55
     4     65.769    0.255 DEV->PC ACK        3395922765 3419068070       0    64
     5   2353.771 2288.002 PC->DEV ACK|PSH    3419068070 3395922765      40    94
     6   2354.045    0.274 DEV->PC ACK        3395922765 3419068110       0    64
     7   2355.347    1.302 DEV->PC ACK|PSH    3395922765 3419068110     100   154
     8   2410.126   54.779 PC->DEV ACK        3419068110 3395922865       0    54
     9   4174.628 1764.502 PC->DEV ACK|PSH    3419068110 3395922865      40    94
    10   4174.940    0.312 DEV->PC ACK        3395922865 3419068150       0    64
    11   4176.258    1.318 DEV->PC ACK|PSH    3395922865 3419068150     100   154
    12   4186.309   10.051 PC->DEV ACK|PSH    3419068150 3395922965      40    94
    13   4186.612    0.303 DEV->PC ACK        3395922965 3419068190       0    64
    14   4187.804    1.192 DEV->PC ACK|PSH    3395922965 3419068190     100   154
    15   4235.006   47.202 PC->DEV ACK        3419068190 3395923065       0    54
    16   5201.690  966.684 PC->DEV ACK|PSH    3419068190 3395923065      28    82
    17   5202.307    0.617 DEV->PC ACK        3395923065 3419068218       0    64
    18   5203.513    1.206 DEV->PC ACK|PSH    3395923065 3419068218     116   170
    19   5247.669   44.156 PC->DEV ACK        3419068218 3395923181       0    54
    20   5353.375  105.706 DEV->PC ACK        3395923181 3419068218    1460  1514
    21   5353.471    0.096 DEV->PC ACK        3395924641 3419068218    1460  1514
    22   5353.477    0.006 PC->DEV ACK        3419068218 3395926101       0    54
    23   5353.542    0.065 DEV->PC ACK|PSH    3395926101 3419068218    1220  1274
    24   5404.101   50.559 PC->DEV ACK        3419068218 3395927321       0    54
    25   5503.233   99.132 DEV->PC ACK        3395927321 3419068218    1460  1514
    26   5503.340    0.107 DEV->PC ACK        3395928781 3419068218    1460  1514
    27   5503.349    0.009 PC->DEV ACK        3419068218 3395930241       0    54
    28   5503.412    0.063 DEV->PC ACK|PSH    3395930241 3419068218    1220  1274
    29   5545.556   42.144 PC->DEV ACK        3419068218 3395931461       0    54
    30   5653.208  107.652 DEV->PC ACK        3395931461 3419068218    1460  1514
    31   5653.326    0.118 DEV->PC ACK        3395932921 3419068218    1460  1514
    32   5653.334    0.008 PC->DEV ACK        3419068218 3395934381       0    54
    33   5653.412    0.078 DEV->PC ACK|PSH    3395934381 3419068218    1220  1274
    34   5700.989   47.577 PC->DEV ACK        3419068218 3395935601       0    54
    35   5803.222  102.233 DEV->PC ACK        3395935601 3419068218    1460  1514
    36   5803.341    0.119 DEV->PC ACK        3395937061 3419068218    1460  1514
    37   5803.349    0.008 PC->DEV ACK        3419068218 3395938521       0    54
    38   5803.400    0.051 DEV->PC ACK|PSH    3395938521 3419068218    1220  1274
    39   5857.546   54.146 PC->DEV ACK        3419068218 3395939741       0    54
    40   5953.221   95.675 DEV->PC ACK        3395939741 3419068218    1460  1514
    41   5953.338    0.117 DEV->PC ACK        3395941201 3419068218    1460  1514
    42   5953.346    0.008 PC->DEV ACK        3419068218 3395942661       0    54
    43   5953.398    0.052 DEV->PC ACK|PSH    3395942661 3419068218    1220  1274
    44   5998.109   44.711 PC->DEV ACK        3419068218 3395943881       0    54
    45   5999.883    1.774 DEV->PC ACK|PSH    3395943881 3419068218      84   138
    46   6044.961   45.078 PC->DEV ACK        3419068218 3395943965       0    54
    47   6103.227   58.266 DEV->PC ACK        3395943965 3419068218    1460  1514
    48   6103.324    0.097 DEV->PC ACK        3395945425 3419068218    1460  1514
    49   6103.328    0.004 PC->DEV ACK        3419068218 3395946885       0    54
    50   6103.396    0.068 DEV->PC ACK|PSH    3395946885 3419068218    1220  1274
    51   6154.597   51.201 PC->DEV ACK        3419068218 3395948105       0    54
    52   6202.964   48.367 DEV->PC ACK|PSH    3395948105 3419068218      84   138
    53   6248.249   45.285 PC->DEV ACK        3419068218 3395948189       0    54
    54   6253.206    4.957 DEV->PC ACK        3395948189 3419068218    1460  1514
    55   6253.266    0.060 DEV->PC ACK        3395949649 3419068218    1460  1514
    56   6253.269    0.003 PC->DEV ACK        3419068218 3395951109       0    54
    57   6253.394    0.125 DEV->PC ACK|PSH    3395951109 3419068218    1220  1274
    58   6295.015   41.621 PC->DEV ACK        3419068218 3395952329       0    54
    59   6403.235  108.220 DEV->PC ACK        3395952329 3419068218    1460  1514
    60   6403.318    0.083 DEV->PC ACK        3395953789 3419068218    1460  1514
    61   6403.322    0.004 PC->DEV ACK        3419068218 3395955249       0    54
    62   6403.425    0.103 DEV->PC ACK|PSH    3395955249 3419068218    1220  1274
    63   6451.594   48.169 PC->DEV ACK        3419068218 3395956469       0    54
    64   6553.213  101.619 DEV->PC ACK        3395956469 3419068218    1460  1514
    65   6553.335    0.122 DEV->PC ACK        3395957929 3419068218    1460  1514
    66   6553.338    0.003 PC->DEV ACK        3419068218 3395959389       0    54
    67   6553.433    0.095 DEV->PC ACK|PSH    3395959389 3419068218    1220  1274
    68   6606.941   53.508 PC->DEV ACK        3419068218 3395960609       0    54
    69   6703.180   96.239 DEV->PC ACK        3395960609 3419068218    1460  1514
    70   6703.296    0.116 DEV->PC ACK        3395962069 3419068218    1460  1514
    71   6703.303    0.007 PC->DEV ACK        3419068218 3395963529       0    54
    72   6703.358    0.055 DEV->PC ACK|PSH    3395963529 3419068218    1220  1274
    73   6747.531   44.173 PC->DEV ACK        3419068218 3395964749       0    54
    74   6853.137  105.606 DEV->PC ACK        3395964749 3419068218    1460  1514
    75   6853.261    0.124 DEV->PC ACK        3395966209 3419068218    1460  1514
    76   6853.268    0.007 PC->DEV ACK        3419068218 3395967669       0    54
    77   6853.318    0.050 DEV->PC ACK|PSH    3395967669 3419068218    1220  1274
    78   6904.033   50.715 PC->DEV ACK        3419068218 3395968889       0    54
    79   7001.034   97.001 DEV->PC ACK|PSH    3395968889 3419068218      84   138
    80   7003.176    2.142 DEV->PC ACK        3395968973 3419068218    1460  1514
    81   7003.195    0.019 PC->DEV ACK        3419068218 3395970433       0    54
    82   7003.357    0.162 DEV->PC ACK        3395970433 3419068218    1460  1514
    83   7003.357    0.000 DEV->PC ACK|PSH    3395971893 3419068218    1220  1274
    84   7003.365    0.008 PC->DEV ACK        3419068218 3395973113       0    54
    85   7153.209  149.844 DEV->PC ACK        3395973113 3419068218    1460  1514
    86   7153.329    0.120 DEV->PC ACK        3395974573 3419068218    1460  1514
    87   7153.333    0.004 PC->DEV ACK        3419068218 3395976033       0    54
    88   7153.425    0.092 DEV->PC ACK|PSH    3395976033 3419068218    1220  1274
    89   7201.101   47.676 PC->DEV ACK        3419068218 3395977253       0    54
    90   7202.977    1.876 DEV->PC ACK|PSH    3395977253 3419068218      84   138
    91   7248.107   45.130 PC->DEV ACK        3419068218 3395977337       0    54
    92   7298.904   50.797 DEV->PC ACK|SYN    3389842432  765321928       0    64
    93   7303.176    4.272 DEV->PC ACK        3395977337 3419068218    1460  1514
    94   7303.236    0.060 DEV->PC ACK        3395978797 3419068218    1460  1514
    95   7303.240    0.004 PC->DEV ACK        3419068218 3395980257       0    54
    96   7303.366    0.126 DEV->PC ACK|PSH    3395980257 3419068218    1220  1274
    97   7356.706   53.340 PC->DEV ACK        3419068218 3395981477       0    54
    98   7453.247   96.541 DEV->PC ACK        3395981477 3419068218    1460  1514
    99   7453.773    0.526 DEV->PC ACK        3395982937 3419068218    1460  1514
   100   7453.775    0.002 DEV->PC ACK|PSH    3395984397 3419068218    1220  1274
   101   7453.817    0.042 PC->DEV ACK        3419068218 3395984397       0    54
   102   7497.606   43.789 PC->DEV ACK        3419068218 3395985617       0    54
   103   7603.290  105.684 DEV->PC ACK        3395985617 3419068218    1460  1514
   104   7603.431    0.141 DEV->PC ACK        3395987077 3419068218    1460  1514
   105   7603.433    0.002 DEV->PC ACK|PSH    3395988537 3419068218    1220  1274
   106   7603.477    0.044 PC->DEV ACK        3419068218 3395989757       0    54
   107   7753.158  149.681 DEV->PC ACK        3395989757 3419068218    1460  1514
   108   7753.234    0.076 DEV->PC ACK        3395991217 3419068218    1460  1514
   109   7753.240    0.006 PC->DEV ACK        3419068218 3395992677       0    54
   110   7753.340    0.100 DEV->PC ACK|PSH    3395992677 3419068218    1220  1274
   111   7793.542   40.202 PC->DEV ACK        3419068218 3395993897       0    54
   112   7903.170  109.628 DEV->PC ACK        3395993897 3419068218    1460  1514
   113   7903.241    0.071 DEV->PC ACK        3395995357 3419068218    1460  1514
   114   7903.244    0.003 PC->DEV ACK        3419068218 3395996817       0    54
   115   7903.349    0.105 DEV->PC ACK|PSH    3395996817 3419068218    1220  1274
   116   7949.092   45.743 PC->DEV ACK        3419068218 3395998037       0    54
   117   8001.121   52.029 DEV->PC ACK|PSH    3395998037 3419068218      84   138
   118   8042.674   41.553 PC->DEV ACK        3419068218 3395998121       0    54
   119   8053.172   10.498 DEV->PC ACK        3395998121 3419068218    1460  1514
   120   8053.253    0.081 DEV->PC ACK        3395999581 3419068218    1460  1514
   121   8053.258    0.005 PC->DEV ACK        3419068218 3396001041       0    54
   122   8053.359    0.101 DEV->PC ACK|PSH    3396001041 3419068218    1220  1274
   123   8103.958   50.599 PC->DEV ACK        3419068218 3396002261       0    54
   124   8203.314   99.356 DEV->PC ACK        3396002261 3419068218    1460  1514
   125   8203.474    0.160 DEV->PC ACK        3396003721 3419068218    1460  1514
   126   8203.476    0.002 DEV->PC ACK|PSH    3396005181 3419068218    1304  1358
   127   8203.523    0.047 PC->DEV ACK        3419068218 3396006485       0    54
   128   8353.247  149.724 DEV->PC ACK        3396006485 3419068218    1460  1514
   129   8353.347    0.100 DEV->PC ACK        3396007945 3419068218    1460  1514
   130   8353.348    0.001 DEV->PC ACK|PSH    3396009405 3419068218    1220  1274
   131   8353.362    0.014 PC->DEV ACK        3419068218 3396010625       0    54
   132   8503.229  149.867 DEV->PC ACK        3396010625 3419068218    1460  1514
   133   8503.289    0.060 DEV->PC ACK        3396012085 3419068218    1460  1514
   134   8503.296    0.007 PC->DEV ACK        3419068218 3396013545       0    54
   135   8503.454    0.158 DEV->PC ACK|PSH    3396013545 3419068218    1220  1274
   136   8551.740   48.286 PC->DEV ACK        3419068218 3396014765       0    54
   137   8653.271  101.531 DEV->PC ACK        3396014765 3419068218    1460  1514
   138   8653.409    0.138 DEV->PC ACK        3396016225 3419068218    1460  1514
   139   8653.411    0.002 DEV->PC ACK|PSH    3396017685 3419068218    1220  1274
   140   8653.461    0.050 PC->DEV ACK        3419068218 3396018905       0    54
   141   8803.279  149.818 DEV->PC ACK        3396018905 3419068218    1460  1514
   142   8803.315    0.036 DEV->PC ACK        3396020365 3419068218    1460  1514
   143   8803.322    0.007 PC->DEV ACK        3419068218 3396021825       0    54
   144   8803.421    0.099 DEV->PC ACK|PSH    3396021825 3419068218    1220  1274
   145   8847.462   44.041 PC->DEV ACK        3419068218 3396023045       0    54
   146   8953.240  105.778 DEV->PC ACK        3396023045 3419068218    1460  1514
   147   8953.390    0.150 DEV->PC ACK        3396024505 3419068218    1460  1514
   148   8953.391    0.001 DEV->PC ACK|PSH    3396025965 3419068218    1220  1274
   149   8953.439    0.048 PC->DEV ACK        3419068218 3396027185       0    54
   150   9001.339   47.900 DEV->PC ACK|PSH    3396027185 3419068218      84   138
   151   9046.838   45.499 PC->DEV ACK        3419068218 3396027269       0    54
   152   9103.203   56.365 DEV->PC ACK        3396027269 3419068218    1460  1514
   153   9103.259    0.056 DEV->PC ACK        3396028729 3419068218    1460  1514
   154   9103.268    0.009 PC->DEV ACK        3419068218 3396030189       0    54
   155   9103.389    0.121 DEV->PC ACK|PSH    3396030189 3419068218    1220  1274
   156   9155.895   52.506 PC->DEV ACK        3419068218 3396031409       0    54
   157   9202.954   47.059 DEV->PC ACK|PSH    3396031409 3419068218      84   138
   158   9247.889   44.935 PC->DEV ACK        3419068218 3396031493       0    54
   159   9253.113    5.224 DEV->PC ACK        3396031493 3419068218    1460  1514
   160   9253.208    0.095 DEV->PC ACK        3396032953 3419068218    1460  1514
   161   9253.218    0.010 PC->DEV ACK        3419068218 3396034413       0    54
   162   9253.330    0.112 DEV->PC ACK|PSH    3396034413 3419068218    1220  1274
   163   9293.428   40.098 PC->DEV ACK        3419068218 3396035633       0    54
   164   9403.179  109.751 DEV->PC ACK        3396035633 3419068218    1460  1514
   165   9403.257    0.078 DEV->PC ACK        3396037093 3419068218    1460  1514
   166   9403.273    0.016 PC->DEV ACK        3419068218 3396038553       0    54
   167   9403.426    0.153 DEV->PC ACK|PSH    3396038553 3419068218    1220  1274
   168   9447.551   44.125 PC->DEV ACK        3419068218 3396039773       0    54
   169   9553.247  105.696 DEV->PC ACK        3396039773 3419068218    1460  1514
   170   9553.358    0.111 DEV->PC ACK        3396041233 3419068218    1460  1514
   171   9553.359    0.001 DEV->PC ACK|PSH    3396042693 3419068218    1220  1274
   172   9553.368    0.009 PC->DEV ACK        3419068218 3396043913       0    54
   173   9703.128  149.760 DEV->PC ACK        3396043913 3419068218    1460  1514
   174   9703.250    0.122 DEV->PC ACK        3396045373 3419068218    1460  1514
   175   9703.253    0.003 PC->DEV ACK        3419068218 3396046833       0    54
   176   9703.347    0.094 DEV->PC ACK|PSH    3396046833 3419068218    1220  1274
   177   9754.876   51.529 PC->DEV ACK        3419068218 3396048053       0    54
   178   9853.175   98.299 DEV->PC ACK        3396048053 3419068218    1460  1514
   179   9853.298    0.123 DEV->PC ACK        3396049513 3419068218    1460  1514
   180   9853.334    0.036 PC->DEV ACK        3419068218 3396050973       0    54
   181   9853.426    0.092 DEV->PC ACK|PSH    3396050973 3419068218    1220  1274
   182   9907.544   54.118 PC->DEV ACK        3419068218 3396052193       0    54
   183  10000.378   92.834 DEV->PC ACK|PSH    3396052193 3419068218      84   138
   184  10003.133    2.755 DEV->PC ACK        3396052277 3419068218    1460  1514
   185  10003.155    0.022 PC->DEV ACK        3419068218 3396053737       0    54
   186  10003.211    0.056 DEV->PC ACK        3396053737 3419068218    1460  1514
   187  10003.300    0.089 DEV->PC ACK|PSH    3396055197 3419068218    1220  1274
   188  10003.307    0.007 PC->DEV ACK        3419068218 3396056417       0    54
   189  10153.208  149.901 DEV->PC ACK        3396056417 3419068218    1460  1514
   190  10153.258    0.050 DEV->PC ACK        3396057877 3419068218    1460  1514
   191  10153.266    0.008 PC->DEV ACK        3419068218 3396059337       0    54
   192  10153.362    0.096 DEV->PC ACK|PSH    3396059337 3419068218    1220  1274
   193  10200.722   47.360 PC->DEV ACK        3419068218 3396060557       0    54
   194  10202.994    2.272 DEV->PC ACK|PSH    3396060557 3419068218      84   138
   195  10248.342   45.348 PC->DEV ACK        3419068218 3396060641       0    54
   196  10303.188   54.846 DEV->PC ACK        3396060641 3419068218    1460  1514
   197  10303.277    0.089 DEV->PC ACK        3396062101 3419068218    1460  1514
   198  10303.278    0.001 DEV->PC ACK|PSH    3396063561 3419068218    1220  1274
   199  10303.293    0.015 PC->DEV ACK        3419068218 3396064781       0    54
   200  10453.255  149.962 DEV->PC ACK        3396064781 3419068218    1460  1514
   201  10453.257    0.002 DEV->PC ACK        3396066241 3419068218    1460  1514
   202  10453.339    0.082 PC->DEV ACK        3419068218 3396067701       0    54
   203  10453.487    0.148 DEV->PC ACK|PSH    3396067701 3419068218    1220  1274
   204  10496.729   43.242 PC->DEV ACK        3419068218 3396068921       0    54
   205  10603.156  106.427 DEV->PC ACK        3396068921 3419068218    1460  1514
   206  10603.247    0.091 DEV->PC ACK        3396070381 3419068218    1460  1514
   207  10603.262    0.015 PC->DEV ACK        3419068218 3396071841       0    54
   208  10603.415    0.153 DEV->PC ACK|PSH    3396071841 3419068218    1220  1274
   209  10650.936   47.521 PC->DEV ACK        3419068218 3396073061       0    54
   210  10753.198  102.262 DEV->PC ACK        3396073061 3419068218    1460  1514
   211  10753.277    0.079 DEV->PC ACK        3396074521 3419068218    1460  1514
   212  10753.303    0.026 PC->DEV ACK        3419068218 3396075981       0    54
   213  10753.343    0.040 DEV->PC ACK|PSH    3396075981 3419068218    1220  1274
   214  10806.224   52.881 PC->DEV ACK        3419068218 3396077201       0    54
   215  10903.138   96.914 DEV->PC ACK        3396077201 3419068218    1460  1514
   216  10903.213    0.075 DEV->PC ACK        3396078661 3419068218    1460  1514
   217  10903.222    0.009 PC->DEV ACK        3419068218 3396080121       0    54
   218  10903.346    0.124 DEV->PC ACK|PSH    3396080121 3419068218    1220  1274
   219  10945.114   41.768 PC->DEV ACK        3419068218 3396081341       0    54
   220  11001.529   56.415 DEV->PC ACK|PSH    3396081341 3419068218      84   138
   221  11053.312   51.783 DEV->PC ACK        3396081425 3419068218    1460  1514
   222  11053.314    0.002 DEV->PC ACK        3396082885 3419068218    1460  1514
   223  11053.392    0.078 PC->DEV ACK        3419068218 3396084345       0    54
   224  11053.536    0.144 DEV->PC ACK|PSH    3396084345 3419068218    1220  1274
   225  11053.563    0.027 PC->DEV ACK        3419068218 3396085565       0    54
   226  11203.281  149.718 DEV->PC ACK        3396085565 3419068218    1460  1514
   227  11203.437    0.156 DEV->PC ACK        3396087025 3419068218    1460  1514
   228  11203.438    0.001 DEV->PC ACK|PSH    3396088485 3419068218    1220  1274
   229  11203.439    0.001 DEV->PC ACK|PSH    3396089705 3419068218      84   138
   230  11203.494    0.055 PC->DEV ACK        3419068218 3396089789       0    54
   231  11353.111  149.617 DEV->PC ACK        3396089789 3419068218    1460  1514
   232  11353.188    0.077 DEV->PC ACK        3396091249 3419068218    1460  1514
   233  11353.192    0.004 PC->DEV ACK        3419068218 3396092709       0    54
   234  11353.294    0.102 DEV->PC ACK|PSH    3396092709 3419068218    1220  1274
   235  11397.695   44.401 PC->DEV ACK        3419068218 3396093929       0    54
   236  11503.154  105.459 DEV->PC ACK        3396093929 3419068218    1460  1514
   237  11503.219    0.065 DEV->PC ACK        3396095389 3419068218    1460  1514
   238  11503.226    0.007 PC->DEV ACK        3419068218 3396096849       0    54
   239  11503.337    0.111 DEV->PC ACK|PSH    3396096849 3419068218    1220  1274
   240  11551.548   48.211 PC->DEV ACK        3419068218 3396098069       0    54
   241  11653.282  101.734 DEV->PC ACK        3396098069 3419068218    1460  1514
   242  11653.284    0.002 DEV->PC ACK        3396099529 3419068218    1460  1514
   243  11653.371    0.087 PC->DEV ACK        3419068218 3396100989       0    54
   244  11653.522    0.151 DEV->PC ACK|PSH    3396100989 3419068218    1220  1274
   245  11693.293   39.771 PC->DEV ACK        3419068218 3396102209       0    54
   246  11803.237  109.944 DEV->PC ACK        3396102209 3419068218    1460  1514
   247  11803.378    0.141 DEV->PC ACK        3396103669 3419068218    1460  1514
   248  11803.379    0.001 DEV->PC ACK|PSH    3396105129 3419068218    1220  1274
   249  11803.424    0.045 PC->DEV ACK        3419068218 3396106349       0    54
   250  11953.079  149.655 DEV->PC ACK        3396106349 3419068218    1460  1514
   251  11953.273    0.194 DEV->PC ACK        3396107809 3419068218    1460  1514
   252  11953.288    0.015 PC->DEV ACK        3419068218 3396109269       0    54
   253  11953.322    0.034 DEV->PC ACK|PSH    3396109269 3419068218    1220  1274
   254  12001.565   48.243 DEV->PC ACK|PSH    3396110489 3419068218      84   138
   255  12001.594    0.029 PC->DEV ACK        3419068218 3396110573       0    54
   256  12103.111  101.517 DEV->PC ACK        3396110573 3419068218    1460  1514
   257  12103.209    0.098 DEV->PC ACK        3396112033 3419068218    1460  1514
   258  12103.238    0.029 PC->DEV ACK        3419068218 3396113493       0    54
   259  12103.293    0.055 DEV->PC ACK|PSH    3396113493 3419068218    1220  1274
   260  12157.492   54.199 PC->DEV ACK        3419068218 3396114713       0    54
   261  12203.019   45.527 DEV->PC ACK|PSH    3396114713 3419068218      84   138
   262  12250.471   47.452 PC->DEV ACK        3419068218 3396114797       0    54
   263  12253.180    2.709 DEV->PC ACK        3396114797 3419068218    1460  1514
   264  12253.321    0.141 DEV->PC ACK        3396116257 3419068218    1460  1514
   265  12253.322    0.001 DEV->PC ACK|PSH    3396117717 3419068218    1220  1274
   266  12253.364    0.042 PC->DEV ACK        3419068218 3396118937       0    54
   267  12403.112  149.748 DEV->PC ACK        3396118937 3419068218    1460  1514
   268  12403.205    0.093 DEV->PC ACK        3396120397 3419068218    1460  1514
   269  12403.222    0.017 PC->DEV ACK        3419068218 3396121857       0    54
   270  12403.378    0.156 DEV->PC ACK|PSH    3396121857 3419068218    1220  1274
   271  12451.759   48.381 PC->DEV ACK        3419068218 3396123077       0    54
   272  12553.106  101.347 DEV->PC ACK        3396123077 3419068218    1460  1514
   273  12553.193    0.087 DEV->PC ACK        3396124537 3419068218    1460  1514
   274  12553.252    0.059 PC->DEV ACK        3419068218 3396125997       0    54
   275  12553.278    0.026 DEV->PC ACK|PSH    3396125997 3419068218    1220  1274
   276  12605.071   51.793 PC->DEV ACK        3419068218 3396127217       0    54
   277  12703.043   97.972 DEV->PC ACK        3396127217 3419068218    1460  1514
   278  12703.223    0.180 DEV->PC ACK        3396128677 3419068218    1460  1514
   279  12703.239    0.016 PC->DEV ACK        3419068218 3396130137       0    54
   280  12703.276    0.037 DEV->PC ACK|PSH    3396130137 3419068218    1220  1274
   281  12743.723   40.447 PC->DEV ACK        3419068218 3396131357       0    54
   282  12853.088  109.365 DEV->PC ACK        3396131357 3419068218    1460  1514
   283  12853.195    0.107 DEV->PC ACK        3396132817 3419068218    1460  1514
   284  12853.211    0.016 PC->DEV ACK        3419068218 3396134277       0    54
   285  12853.269    0.058 DEV->PC ACK|PSH    3396134277 3419068218    1220  1274
   286  12900.419   47.150 PC->DEV ACK        3419068218 3396135497       0    54
   287  13000.845  100.426 DEV->PC ACK|PSH    3396135497 3419068218      84   138
   288  13003.103    2.258 DEV->PC ACK        3396135581 3419068218    1460  1514
   289  13003.360    0.257 PC->DEV ACK        3419068218 3396137041       0    54
   290  13003.447    0.087 DEV->PC ACK        3396137041 3419068218    1460  1514
   291  13003.448    0.001 DEV->PC ACK|PSH    3396138501 3419068218    1220  1274
   292  13003.486    0.038 PC->DEV ACK        3419068218 3396139721       0    54
   293  13153.089  149.603 DEV->PC ACK        3396139721 3419068218    1460  1514
   294  13153.168    0.079 DEV->PC ACK        3396141181 3419068218    1460  1514
   295  13153.177    0.009 PC->DEV ACK        3419068218 3396142641       0    54
   296  13153.274    0.097 DEV->PC ACK|PSH    3396142641 3419068218    1220  1274
   297  13194.916   41.642 PC->DEV ACK        3419068218 3396143861       0    54
   298  13202.975    8.059 DEV->PC ACK|PSH    3396143861 3419068218      84   138
   299  13255.478   52.503 PC->DEV ACK        3419068218 3396143945       0    54
   300  13303.098   47.620 DEV->PC ACK        3396143945 3419068218    1460  1514
   301  13303.183    0.085 DEV->PC ACK        3396145405 3419068218    1460  1514
   302  13303.200    0.017 PC->DEV ACK        3419068218 3396146865       0    54
   303  13303.241    0.041 DEV->PC ACK|PSH    3396146865 3419068218    1220  1274
   304  13349.537   46.296 PC->DEV ACK        3419068218 3396148085       0    54
   305  13453.238  103.701 DEV->PC ACK        3396148085 3419068218    1460  1514
   306  13453.240    0.002 DEV->PC ACK        3396149545 3419068218    1460  1514
   307  13453.322    0.082 PC->DEV ACK        3419068218 3396151005       0    54
   308  13453.407    0.085 DEV->PC ACK|PSH    3396151005 3419068218    1220  1274
   309  13502.909   49.502 PC->DEV ACK        3419068218 3396152225       0    54
   310  13603.260  100.351 DEV->PC ACK        3396152225 3419068218    1460  1514
   311  13603.263    0.003 DEV->PC ACK        3396153685 3419068218    1460  1514
   312  13603.354    0.091 PC->DEV ACK        3419068218 3396155145       0    54
   313  13603.438    0.084 DEV->PC ACK|PSH    3396155145 3419068218    1220  1274
   314  13656.503   53.065 PC->DEV ACK        3419068218 3396156365       0    54
   315  13753.064   96.561 DEV->PC ACK        3396156365 3419068218    1460  1514
   316  13753.146    0.082 DEV->PC ACK        3396157825 3419068218    1460  1514
   317  13753.153    0.007 PC->DEV ACK        3419068218 3396159285       0    54
   318  13753.316    0.163 DEV->PC ACK|PSH    3396159285 3419068218    1220  1274
   319  13796.559   43.243 PC->DEV ACK        3419068218 3396160505       0    54
   320  13903.132  106.573 DEV->PC ACK        3396160505 3419068218    1460  1514
   321  13903.178    0.046 DEV->PC ACK        3396161965 3419068218    1460  1514
   322  13903.187    0.009 PC->DEV ACK        3419068218 3396163425       0    54
   323  13903.298    0.111 DEV->PC ACK|PSH    3396163425 3419068218    1220  1274
   324  13951.138   47.840 PC->DEV ACK        3419068218 3396164645       0    54
   325  14000.905   49.767 DEV->PC ACK|PSH    3396164645 3419068218      84   138
   326  14044.532   43.627 PC->DEV ACK        3419068218 3396164729       0    54
   327  14053.080    8.548 DEV->PC ACK        3396164729 3419068218    1460  1514
   328  14053.191    0.111 DEV->PC ACK        3396166189 3419068218    1460  1514
   329  14053.209    0.018 PC->DEV ACK        3419068218 3396167649       0    54
   330  14053.253    0.044 DEV->PC ACK|PSH    3396167649 3419068218    1220  1274
   331  14105.440   52.187 PC->DEV ACK        3419068218 3396168869       0    54
   332  14203.159   97.719 DEV->PC ACK        3396168869 3419068218    1460  1514
   333  14203.269    0.110 DEV->PC ACK        3396170329 3419068218    1460  1514
   334  14203.302    0.033 PC->DEV ACK        3419068218 3396171789       0    54
   335  14203.363    0.061 DEV->PC ACK|PSH    3396171789 3419068218    1220  1274
   336  14203.364    0.001 DEV->PC ACK|PSH    3396173009 3419068218      84   138
   337  14203.390    0.026 PC->DEV ACK        3419068218 3396173093       0    54
   338  14353.122  149.732 DEV->PC ACK        3396173093 3419068218    1460  1514
   339  14353.252    0.130 DEV->PC ACK        3396174553 3419068218    1460  1514
   340  14353.252    0.000 DEV->PC ACK|PSH    3396176013 3419068218    1220  1274
   341  14353.269    0.017 PC->DEV ACK        3419068218 3396177233       0    54
   342  14503.070  149.801 DEV->PC ACK        3396177233 3419068218    1460  1514
   343  14503.130    0.060 DEV->PC ACK        3396178693 3419068218    1460  1514
   344  14503.134    0.004 PC->DEV ACK        3419068218 3396180153       0    54
   345  14503.259    0.125 DEV->PC ACK|PSH    3396180153 3419068218    1220  1274
   346  14556.824   53.565 PC->DEV ACK        3419068218 3396181373       0    54
   347  14653.113   96.289 DEV->PC ACK        3396181373 3419068218    1460  1514
   348  14653.226    0.113 DEV->PC ACK        3396182833 3419068218    1460  1514
   349  14653.256    0.030 PC->DEV ACK        3419068218 3396184293       0    54
   350  14653.286    0.030 DEV->PC ACK|PSH    3396184293 3419068218    1220  1274
   351  14695.950   42.664 PC->DEV ACK        3419068218 3396185513       0    54
   352  14803.063  107.113 DEV->PC ACK        3396185513 3419068218    1460  1514
   353  14803.143    0.080 DEV->PC ACK        3396186973 3419068218    1460  1514
   354  14803.159    0.016 PC->DEV ACK        3419068218 3396188433       0    54
   355  14803.273    0.114 DEV->PC ACK|PSH    3396188433 3419068218    1220  1274
   356  14850.851   47.578 PC->DEV ACK        3419068218 3396189653       0    54
   357  14953.092  102.241 DEV->PC ACK        3396189653 3419068218    1460  1514
   358  14953.137    0.045 DEV->PC ACK        3396191113 3419068218    1460  1514
   359  14953.145    0.008 PC->DEV ACK        3419068218 3396192573       0    54
   360  14953.250    0.105 DEV->PC ACK|PSH    3396192573 3419068218    1220  1274
   361  15001.023   47.773 DEV->PC ACK|PSH    3396193793 3419068218      84   138
   362  15001.123    0.100 PC->DEV ACK        3419068218 3396193877       0    54
   363  15103.032  101.909 DEV->PC ACK        3396193877 3419068218    1460  1514
   364  15103.155    0.123 DEV->PC ACK        3396195337 3419068218    1460  1514
   365  15103.159    0.004 PC->DEV ACK        3419068218 3396196797       0    54
   366  15103.250    0.091 DEV->PC ACK|PSH    3396196797 3419068218    1220  1274
   367  15144.954   41.704 PC->DEV ACK        3419068218 3396198017       0    54
   368  15203.056   58.102 DEV->PC ACK|PSH    3396198017 3419068218      84   138
   369  15252.718   49.662 PC->DEV ACK        3419068218 3396198101       0    54
   370  15253.041    0.323 DEV->PC ACK        3396198101 3419068218    1460  1514
   371  15253.125    0.084 DEV->PC ACK        3396199561 3419068218    1460  1514
   372  15253.142    0.017 PC->DEV ACK        3419068218 3396201021       0    54
   373  15253.275    0.133 DEV->PC ACK|PSH    3396201021 3419068218    1220  1274
   374  15299.594   46.319 PC->DEV ACK        3419068218 3396202241       0    54
   375  15403.045  103.451 DEV->PC ACK        3396202241 3419068218    1460  1514
   376  15403.167    0.122 DEV->PC ACK        3396203701 3419068218    1460  1514
   377  15403.174    0.007 PC->DEV ACK        3419068218 3396205161       0    54
   378  15403.227    0.053 DEV->PC ACK|PSH    3396205161 3419068218    1220  1274
   379  15455.251   52.024 PC->DEV ACK        3419068218 3396206381       0    54
   380  15553.088   97.837 DEV->PC ACK        3396206381 3419068218    1460  1514
   381  15553.127    0.039 DEV->PC ACK        3396207841 3419068218    1460  1514
   382  15553.135    0.008 PC->DEV ACK        3419068218 3396209301       0    54
   383  15553.228    0.093 DEV->PC ACK|PSH    3396209301 3419068218    1220  1274
   384  15593.604   40.376 PC->DEV ACK        3419068218 3396210521       0    54
   385  15703.070  109.466 DEV->PC ACK        3396210521 3419068218    1460  1514
   386  15703.192    0.122 DEV->PC ACK        3396211981 3419068218    1460  1514
   387  15703.201    0.009 PC->DEV ACK        3419068218 3396213441       0    54
   388  15703.251    0.050 DEV->PC ACK|PSH    3396213441 3419068218    1220  1274
   389  15749.622   46.371 PC->DEV ACK        3419068218 3396214661       0    54
   390  15853.036  103.414 DEV->PC ACK        3396214661 3419068218    1460  1514
   391  15853.202    0.166 DEV->PC ACK        3396216121 3419068218    1460  1514
   392  15853.215    0.013 PC->DEV ACK        3419068218 3396217581       0    54
   393  15853.273    0.058 DEV->PC ACK|PSH    3396217581 3419068218    1220  1274
   394  15904.610   51.337 PC->DEV ACK        3419068218 3396218801       0    54
   395  16003.124   98.514 DEV->PC ACK        3396218801 3419068218    1460  1514
   396  16003.209    0.085 DEV->PC ACK        3396220261 3419068218    1460  1514
   397  16003.227    0.018 PC->DEV ACK        3419068218 3396221721       0    54
   398  16003.285    0.058 DEV->PC ACK|PSH    3396221721 3419068218    1220  1274
   399  16003.285    0.000 DEV->PC ACK|PSH    3396222941 3419068218      84   138
   400  16003.298    0.013 PC->DEV ACK        3419068218 3396223025       0    54
   401  16153.060  149.762 DEV->PC ACK        3396223025 3419068218    1460  1514
   402  16153.128    0.068 DEV->PC ACK        3396224485 3419068218    1460  1514
   403  16153.135    0.007 PC->DEV ACK        3419068218 3396225945       0    54
   404  16153.274    0.139 DEV->PC ACK|PSH    3396225945 3419068218    1220  1274
   405  16199.800   46.526 PC->DEV ACK        3419068218 3396227165       0    54
   406  16203.052    3.252 DEV->PC ACK|PSH    3396227165 3419068218      84   138
   407  16246.653   43.601 PC->DEV ACK        3419068218 3396227249       0    54
   408  16303.081   56.428 DEV->PC ACK        3396227249 3419068218    1460  1514
   409  16303.142    0.061 DEV->PC ACK        3396228709 3419068218    1460  1514
   410  16303.149    0.007 PC->DEV ACK        3419068218 3396230169       0    54
   411  16303.259    0.110 DEV->PC ACK|PSH    3396230169 3419068218    1220  1274
   412  16355.539   52.280 PC->DEV ACK        3419068218 3396231389       0    54
   413  16453.126   97.587 DEV->PC ACK        3396231389 3419068218    1460  1514
   414  16453.280    0.154 DEV->PC ACK        3396232849 3419068218    1460  1514
   415  16453.281    0.001 DEV->PC ACK|PSH    3396234309 3419068218    1220  1274
   416  16453.325    0.044 PC->DEV ACK        3419068218 3396235529       0    54
   417  16603.064  149.739 DEV->PC ACK        3396235529 3419068218    1460  1514
   418  16603.142    0.078 DEV->PC ACK        3396236989 3419068218    1460  1514
   419  16603.158    0.016 PC->DEV ACK        3419068218 3396238449       0    54
   420  16603.274    0.116 DEV->PC ACK|PSH    3396238449 3419068218    1220  1274
   421  16650.064   46.790 PC->DEV ACK        3419068218 3396239669       0    54
   422  16752.985  102.921 DEV->PC ACK        3396239669 3419068218    1460  1514
   423  16753.062    0.077 DEV->PC ACK        3396241129 3419068218    1460  1514
   424  16753.065    0.003 PC->DEV ACK        3419068218 3396242589       0    54
   425  16753.168    0.103 DEV->PC ACK|PSH    3396242589 3419068218    1220  1274
   426  16806.593   53.425 PC->DEV ACK        3419068218 3396243809       0    54
   427  16903.107   96.514 DEV->PC ACK        3396243809 3419068218    1460  1514
   428  16903.147    0.040 DEV->PC ACK        3396245269 3419068218    1460  1514
   429  16903.157    0.010 PC->DEV ACK        3419068218 3396246729       0    54
   430  16903.257    0.100 DEV->PC ACK|PSH    3396246729 3419068218    1220  1274
   431  16945.607   42.350 PC->DEV ACK        3419068218 3396247949       0    54
   432  17002.250   56.643 DEV->PC ACK|PSH    3396247949 3419068218      84   138
   433  17053.101   50.851 DEV->PC ACK        3396248033 3419068218    1460  1514
   434  17053.129    0.028 PC->DEV ACK        3419068218 3396249493       0    54
   435  17053.187    0.058 DEV->PC ACK        3396249493 3419068218    1460  1514
   436  17053.187    0.000 DEV->PC ACK|PSH    3396250953 3419068218    1220  1274
   437  17053.195    0.008 PC->DEV ACK        3419068218 3396252173       0    54
   438  17203.115  149.920 DEV->PC ACK        3396252173 3419068218    1460  1514
   439  17203.184    0.069 DEV->PC ACK        3396253633 3419068218    1460  1514
   440  17203.193    0.009 PC->DEV ACK        3419068218 3396255093       0    54
   441  17203.330    0.137 DEV->PC ACK|PSH    3396255093 3419068218    1220  1274
   442  17203.331    0.001 DEV->PC ACK|PSH    3396256313 3419068218      84   138
   443  17203.350    0.019 PC->DEV ACK        3419068218 3396256397       0    54
   444  17353.065  149.715 DEV->PC ACK        3396256397 3419068218    1460  1514
   445  17353.197    0.132 DEV->PC ACK        3396257857 3419068218    1460  1514
   446  17353.197    0.000 DEV->PC ACK|PSH    3396259317 3419068218    1220  1274
   447  17353.206    0.009 PC->DEV ACK        3419068218 3396260537       0    54
   448  17503.055  149.849 DEV->PC ACK        3396260537 3419068218    1460  1514
   449  17503.131    0.076 DEV->PC ACK        3396261997 3419068218    1460  1514
   450  17503.147    0.016 PC->DEV ACK        3419068218 3396263457       0    54
   451  17503.274    0.127 DEV->PC ACK|PSH    3396263457 3419068218    1220  1274
   452  17547.474   44.200 PC->DEV ACK        3419068218 3396264677       0    54
   453  17653.103  105.629 DEV->PC ACK        3396264677 3419068218    1460  1514
   454  17653.223    0.120 DEV->PC ACK        3396266137 3419068218    1460  1514
   455  17653.224    0.001 DEV->PC ACK|PSH    3396267597 3419068218    1220  1274
   456  17653.258    0.034 PC->DEV ACK        3419068218 3396268817       0    54
   457  17803.111  149.853 DEV->PC ACK        3396268817 3419068218    1460  1514
   458  17803.234    0.123 DEV->PC ACK        3396270277 3419068218    1460  1514
   459  17803.235    0.001 DEV->PC ACK|PSH    3396271737 3419068218    1220  1274
   460  17803.276    0.041 PC->DEV ACK        3419068218 3396272957       0    54
   461  17903.212   99.936 PC->DEV ACK|PSH    3419068218 3396272957      28    82
   462  17903.499    0.287 DEV->PC ACK        3396272957 3419068246       0    64
   463  17905.171    1.672 DEV->PC ACK|PSH    3396272957 3419068246      32    86
   464  17948.882   43.711 PC->DEV ACK        3419068246 3396272989       0    54
   465  22899.037 4950.155 DEV->PC ACK        3396272988 3419068246       0    64
   466  22899.095    0.058 PC->DEV ACK        3419068246 3396272989       0    54
   467  22920.417   21.322 PC->DEV ACK        3419068245 3396272989       1    55
   468  22920.673    0.256 DEV->PC ACK        3396272989 3419068246       0    64
   469  24971.355 2050.682 PC->DEV ACK|FIN    3419068246 3396272989       0    54
   470  24971.701    0.346 DEV->PC ACK        3396272989 3419068247       0    64
   471  24972.062    0.361 DEV->PC ACK|FIN    3396272989 3419068247       0    64
   472  24972.152    0.090 PC->DEV ACK        3419068247 3396272990       0    54
