[WindowStyle]
BackGNDColorR=0.501960813999176
BackGNDColorG=0.250980406999588
BackGNDColorB=0.250980406999588
BoundColorR=0
BoundColorG=0
BoundColorB=0
[ControlConfig]
RotSens=20
MoveSens=0.100000001490116
